191582, 190945, 190616, 190446, 190358, 190312, 190289, 190277, 190270, 190267, 190265, 190265, 190264, 190264, 190264, 190264, 190264, 190264, 190264, 190264, 190264, 190264, 190264, 190264, 190264, 190264, 190264, 190264, 190264, 190264, 190264, 190264, 190264, 190264, 190264, 190264, 190264, 190264, 190264, 190264, 190264, 190264, 190264, 190264, 190264, 190264, 190264, 190264, 190264, 190264, 190264, 190264, 190264, 190264, 190264, 190264, 190264, 190264, 190264, 190264, 190264, 190264, 190264, 190264, 190264, 190264, 190264, 190264, 190264, 190264, 190264, 190264, 190264, 190264, 190264, 190264, 190264, 190264, 190264, 190264, 190264, 190264, 190264, 190264, 190264, 190264, 190264, 190264, 190264, 190264, 190264, 190264, 190264, 190264, 190264, 190264, 190264, 190264, 190264, 190264, 
196226, 195263, 194404, 193650, 192999, 192446, 191984, 191603, 191295, 191049, 190855, 190704, 190588, 190500, 190435, 190386, 190351, 190325, 190306, 190293, 190284, 190278, 190273, 190270, 190268, 190266, 190266, 190265, 190264, 190264, 190264, 190264, 190264, 190264, 190264, 190264, 190264, 190264, 190264, 190264, 190264, 190264, 190264, 190264, 190264, 190264, 190264, 190264, 190264, 190264, 190264, 190264, 190264, 190264, 190264, 190264, 190264, 190264, 190264, 190264, 190264, 190264, 190264, 190264, 190264, 190264, 190264, 190264, 190264, 190264, 190264, 190264, 190264, 190264, 190264, 190264, 190264, 190264, 190264, 190264, 190264, 190264, 190264, 190264, 190264, 190264, 190264, 190264, 190264, 190264, 190264, 190264, 190264, 190264, 190264, 190264, 190264, 190264, 190264, 190264, 
198531, 197613, 196754, 195957, 195223, 194554, 193950, 193408, 192927, 192503, 192134, 191814, 191540, 191307, 191111, 190946, 190810, 190698, 190607, 190533, 190474, 190426, 190389, 190360, 190337, 190319, 190305, 190295, 190287, 190281, 190276, 190273, 190270, 190268, 190267, 190266, 190265, 190265, 190265, 190264, 190264, 190264, 190264, 190264, 190264, 190264, 190264, 190264, 190264, 190264, 190264, 190264, 190264, 190264, 190264, 190264, 190264, 190264, 190264, 190264, 190264, 190264, 190264, 190264, 190264, 190264, 190264, 190264, 190264, 190264, 190264, 190264, 190264, 190264, 190264, 190264, 190264, 190264, 190264, 190264, 190264, 190264, 190264, 190264, 190264, 190264, 190264, 190264, 190264, 190264, 190264, 190264, 190264, 190264, 190264, 190264, 190264, 190264, 190264, 190264, 
200218, 199348, 198516, 197727, 196981, 196281, 195629, 195024, 194466, 193956, 193491, 193071, 192693, 192355, 192055, 191791, 191558, 191356, 191181, 191029, 190900, 190790, 190696, 190618, 190552, 190497, 190452, 190415, 190385, 190360, 190340, 190324, 190311, 190300, 190292, 190286, 190281, 190277, 190274, 190271, 190269, 190268, 190267, 190266, 190265, 190265, 190265, 190264, 190264, 190264, 190264, 190264, 190264, 190264, 190264, 190264, 190264, 190264, 190264, 190264, 190264, 190264, 190264, 190264, 190264, 190264, 190264, 190264, 190264, 190264, 190264, 190264, 190264, 190264, 190264, 190264, 190264, 190264, 190264, 190264, 190264, 190264, 190264, 190264, 190264, 190264, 190264, 190264, 190264, 190264, 190264, 190264, 190264, 190264, 190264, 190264, 190264, 190264, 190264, 190264, 
201579, 200751, 199951, 199182, 198444, 197741, 197074, 196443, 195851, 195296, 194779, 194299, 193857, 193451, 193079, 192741, 192435, 192160, 191912, 191692, 191495, 191322, 191169, 191036, 190919, 190818, 190730, 190655, 190591, 190536, 190489, 190450, 190417, 190389, 190366, 190347, 190331, 190318, 190307, 190299, 190292, 190286, 190281, 190278, 190275, 190272, 190270, 190269, 190268, 190267, 190266, 190266, 190265, 190265, 190264, 190264, 190264, 190264, 190264, 190264, 190264, 190264, 190264, 190264, 190264, 190264, 190264, 190264, 190264, 190264, 190264, 190264, 190264, 190264, 190264, 190264, 190264, 190264, 190264, 190264, 190264, 190264, 190264, 190264, 190264, 190264, 190264, 190264, 190264, 190264, 190264, 190264, 190264, 190264, 190264, 190264, 190264, 190264, 190264, 190264, 
202728, 201940, 201171, 200425, 199704, 199009, 198341, 197703, 197094, 196517, 195971, 195457, 194974, 194523, 194104, 193714, 193354, 193023, 192719, 192442, 192189, 191961, 191754, 191569, 191402, 191254, 191122, 191005, 190902, 190812, 190732, 190663, 190603, 190551, 190506, 190468, 190435, 190407, 190383, 190363, 190346, 190331, 190319, 190309, 190301, 190294, 190288, 190284, 190280, 190277, 190274, 190272, 190270, 190269, 190268, 190267, 190266, 190266, 190265, 190265, 190265, 190264, 190264, 190264, 190264, 190264, 190264, 190264, 190264, 190264, 190264, 190264, 190264, 190264, 190264, 190264, 190264, 190264, 190264, 190264, 190264, 190264, 190264, 190264, 190264, 190264, 190264, 190264, 190264, 190264, 190264, 190264, 190264, 190264, 190264, 190264, 190264, 190264, 190264, 190264, 
203728, 202974, 202236, 201515, 200812, 200130, 199469, 198832, 198220, 197633, 197072, 196537, 196030, 195550, 195097, 194671, 194272, 193900, 193553, 193231, 192933, 192659, 192407, 192176, 191965, 191773, 191599, 191442, 191300, 191173, 191059, 190957, 190867, 190787, 190716, 190654, 190599, 190552, 190510, 190474, 190442, 190415, 190392, 190372, 190354, 190340, 190327, 190317, 190308, 190300, 190294, 190289, 190284, 190281, 190277, 190275, 190273, 190271, 190270, 190269, 190268, 190267, 190266, 190266, 190265, 190265, 190265, 190264, 190264, 190264, 190264, 190264, 190264, 190264, 190264, 190264, 190264, 190264, 190264, 190264, 190264, 190264, 190264, 190264, 190264, 190264, 190264, 190264, 190264, 190264, 190264, 190264, 190264, 190264, 190264, 190264, 190264, 190264, 190264, 190264, 
204614, 203892, 203182, 202485, 201802, 201136, 200487, 199856, 199246, 198656, 198089, 197543, 197021, 196523, 196048, 195597, 195170, 194767, 194388, 194031, 193698, 193386, 193096, 192827, 192578, 192348, 192136, 191942, 191764, 191602, 191454, 191320, 191199, 191090, 190991, 190903, 190824, 190754, 190691, 190635, 190586, 190543, 190505, 190471, 190442, 190417, 190394, 190375, 190359, 190344, 190332, 190321, 190312, 190304, 190298, 190292, 190288, 190284, 190280, 190277, 190275, 190273, 190271, 190270, 190269, 190268, 190267, 190266, 190266, 190265, 190265, 190265, 190265, 190264, 190264, 190264, 190264, 190264, 190264, 190264, 190264, 190264, 190264, 190264, 190264, 190264, 190264, 190264, 190264, 190264, 190264, 190264, 190264, 190264, 190264, 190264, 190264, 190264, 190264, 190264, 
205410, 204718, 204034, 203361, 202698, 202048, 201412, 200792, 200187, 199600, 199031, 198482, 197952, 197442, 196953, 196485, 196038, 195613, 195209, 194826, 194464, 194123, 193803, 193502, 193220, 192957, 192713, 192486, 192275, 192081, 191902, 191737, 191586, 191448, 191322, 191207, 191103, 191009, 190924, 190847, 190778, 190716, 190661, 190612, 190568, 190529, 190495, 190464, 190437, 190414, 190393, 190375, 190359, 190346, 190334, 190323, 190315, 190307, 190300, 190295, 190290, 190286, 190282, 190279, 190277, 190274, 190273, 190271, 190270, 190269, 190268, 190267, 190267, 190266, 190266, 190265, 190265, 190265, 190265, 190264, 190264, 190264, 190264, 190264, 190264, 190264, 190264, 190264, 190264, 190264, 190264, 190264, 190264, 190264, 190264, 190264, 190264, 190264, 190264, 190264, 
206133, 205468, 204810, 204158, 203516, 202883, 202261, 201652, 201056, 200475, 199909, 199359, 198826, 198310, 197812, 197333, 196873, 196431, 196009, 195606, 195223, 194858, 194513, 194186, 193878, 193587, 193314, 193059, 192819, 192596, 192388, 192195, 192017, 191851, 191699, 191558, 191429, 191311, 191203, 191104, 191014, 190933, 190859, 190792, 190732, 190678, 190629, 190586, 190547, 190512, 190481, 190454, 190429, 190408, 190389, 190372, 190358, 190345, 190334, 190324, 190315, 190308, 190301, 190296, 190291, 190287, 190283, 190280, 190278, 190276, 190274, 190272, 190271, 190270, 190269, 190268, 190267, 190267, 190266, 190266, 190265, 190265, 190265, 190265, 190264, 190264, 190264, 190264, 190264, 190264, 190264, 190264, 190264, 190264, 190264, 190264, 190264, 190264, 190264, 190264, 
206795, 206155, 205520, 204890, 204267, 203652, 203045, 202448, 201863, 201289, 200728, 200181, 199648, 199130, 198628, 198142, 197672, 197220, 196784, 196367, 195966, 195583, 195218, 194870, 194540, 194226, 193929, 193649, 193385, 193136, 192903, 192684, 192480, 192290, 192112, 191947, 191794, 191653, 191522, 191402, 191291, 191189, 191096, 191011, 190934, 190863, 190799, 190741, 190688, 190641, 190598, 190559, 190525, 190494, 190466, 190442, 190420, 190400, 190383, 190368, 190354, 190342, 190332, 190323, 190315, 190308, 190302, 190296, 190292, 190288, 190284, 190281, 190279, 190276, 190274, 190273, 190271, 190270, 190269, 190268, 190268, 190267, 190266, 190266, 190266, 190265, 190265, 190265, 190265, 190264, 190264, 190264, 190264, 190264, 190264, 190264, 190264, 190264, 190264, 190264, 
207405, 206789, 206176, 205567, 204962, 204364, 203772, 203189, 202614, 202049, 201495, 200953, 200423, 199905, 199402, 198912, 198437, 197977, 197533, 197104, 196691, 196294, 195913, 195548, 195199, 194866, 194550, 194249, 193963, 193692, 193436, 193195, 192968, 192754, 192554, 192366, 192191, 192028, 191875, 191734, 191602, 191481, 191368, 191265, 191169, 191082, 191001, 190928, 190860, 190799, 190743, 190693, 190647, 190605, 190567, 190533, 190503, 190475, 190451, 190429, 190409, 190392, 190376, 190362, 190350, 190339, 190329, 190321, 190313, 190307, 190301, 190296, 190292, 190288, 190284, 190281, 190279, 190277, 190275, 190273, 190272, 190271, 190270, 190269, 190268, 190267, 190267, 190266, 190266, 190265, 190265, 190265, 190265, 190265, 190264, 190264, 190264, 190264, 190264, 190264, 
207970, 207377, 206784, 206195, 205608, 205026, 204450, 203880, 203317, 202762, 202216, 201680, 201154, 200640, 200137, 199646, 199169, 198704, 198253, 197817, 197394, 196986, 196593, 196215, 195852, 195503, 195170, 194851, 194547, 194257, 193982, 193721, 193473, 193239, 193018, 192809, 192613, 192429, 192256, 192095, 191944, 191803, 191671, 191550, 191436, 191331, 191235, 191145, 191063, 190987, 190917, 190853, 190795, 190741, 190693, 190648, 190608, 190572, 190539, 190509, 190482, 190457, 190435, 190416, 190398, 190382, 190368, 190356, 190345, 190335, 190326, 190318, 190311, 190305, 190300, 190295, 190291, 190287, 190284, 190281, 190279, 190277, 190275, 190273, 190272, 190271, 190270, 190269, 190268, 190267, 190267, 190266, 190266, 190266, 190265, 190265, 190265, 190265, 190265, 190265, 
208497, 207924, 207351, 206780, 206211, 205646, 205084, 204527, 203976, 203432, 202895, 202366, 201846, 201336, 200836, 200346, 199868, 199401, 198947, 198505, 198076, 197660, 197258, 196869, 196494, 196133, 195785, 195452, 195132, 194826, 194534, 194255, 193990, 193737, 193497, 193270, 193055, 192852, 192660, 192480, 192310, 192150, 192001, 191861, 191731, 191609, 191496, 191390, 191292, 191202, 191118, 191040, 190969, 190903, 190842, 190787, 190736, 190689, 190647, 190608, 190573, 190541, 190512, 190485, 190462, 190440, 190421, 190403, 190387, 190373, 190361, 190349, 190339, 190330, 190322, 190315, 190309, 190303, 190298, 190294, 190290, 190287, 190284, 190281, 190279, 190277, 190275, 190273, 190272, 190271, 190270, 190269, 190268, 190268, 190267, 190267, 190267, 190266, 190266, 190266, 
208989, 208435, 207882, 207328, 206776, 206226, 205679, 205136, 204597, 204064, 203536, 203016, 202503, 201997, 201501, 201014, 200537, 200070, 199614, 199169, 198735, 198314, 197905, 197508, 197123, 196752, 196393, 196048, 195715, 195395, 195088, 194794, 194513, 194244, 193988, 193744, 193511, 193291, 193082, 192884, 192696, 192520, 192353, 192196, 192049, 191911, 191781, 191660, 191547, 191442, 191343, 191252, 191167, 191088, 191016, 190948, 190886, 190829, 190776, 190728, 190684, 190643, 190606, 190572, 190541, 190513, 190487, 190464, 190443, 190424, 190406, 190391, 190377, 190364, 190353, 190343, 190334, 190326, 190318, 190312, 190306, 190301, 190296, 190292, 190289, 190286, 190283, 190281, 190278, 190277, 190275, 190274, 190272, 190271, 190271, 190270, 190269, 190269, 190269, 190268, 
209450, 208915, 208379, 207843, 207307, 206772, 206239, 205709, 205183, 204660, 204143, 203631, 203125, 202626, 202135, 201652, 201177, 200711, 200255, 199809, 199373, 198947, 198533, 198130, 197739, 197359, 196992, 196636, 196292, 195961, 195642, 195334, 195039, 194756, 194485, 194226, 193978, 193742, 193517, 193303, 193100, 192907, 192724, 192551, 192388, 192234, 192089, 191953, 191824, 191704, 191592, 191486, 191388, 191296, 191211, 191132, 191058, 190990, 190926, 190868, 190814, 190764, 190718, 190676, 190637, 190601, 190569, 190539, 190512, 190487, 190464, 190444, 190425, 190408, 190393, 190379, 190367, 190356, 190346, 190336, 190328, 190321, 190314, 190309, 190303, 190299, 190295, 190291, 190288, 190285, 190283, 190280, 190279, 190277, 190276, 190274, 190274, 190273, 190273, 190272, 
209884, 209367, 208848, 208328, 207807, 207287, 206768, 206251, 205737, 205225, 204718, 204215, 203717, 203225, 202740, 202261, 201790, 201326, 200871, 200425, 199988, 199561, 199143, 198736, 198340, 197954, 197579, 197215, 196862, 196521, 196191, 195873, 195566, 195271, 194987, 194714, 194453, 194202, 193963, 193734, 193516, 193308, 193110, 192922, 192744, 192575, 192415, 192264, 192122, 191987, 191861, 191742, 191630, 191525, 191427, 191336, 191250, 191170, 191096, 191027, 190963, 190903, 190848, 190797, 190750, 190706, 190666, 190629, 190595, 190564, 190536, 190509, 190486, 190464, 190444, 190426, 190409, 190394, 190381, 190369, 190358, 190348, 190339, 190331, 190323, 190317, 190311, 190306, 190301, 190297, 190293, 190290, 190288, 190285, 190283, 190282, 190280, 190279, 190279, 190278, 
210294, 209793, 209290, 208785, 208280, 207774, 207269, 206764, 206262, 205762, 205264, 204771, 204281, 203797, 203317, 202844, 202377, 201917, 201464, 201019, 200582, 200154, 199735, 199325, 198925, 198534, 198154, 197783, 197424, 197074, 196736, 196408, 196091, 195785, 195490, 195205, 194931, 194668, 194416, 194174, 193942, 193720, 193509, 193307, 193115, 192932, 192758, 192593, 192436, 192288, 192148, 192016, 191891, 191774, 191663, 191559, 191462, 191370, 191285, 191205, 191130, 191061, 190996, 190935, 190879, 190827, 190779, 190735, 190693, 190655, 190620, 190588, 190558, 190531, 190506, 190483, 190462, 190443, 190425, 190410, 190395, 190382, 190370, 190359, 190349, 190341, 190333, 190325, 190319, 190313, 190308, 190304, 190300, 190297, 190294, 190292, 190290, 190288, 190288, 190287, 
210681, 210196, 209708, 209218, 208727, 208235, 207743, 207251, 206760, 206271, 205784, 205300, 204819, 204342, 203870, 203402, 202940, 202484, 202034, 201592, 201156, 200728, 200308, 199897, 199494, 199100, 198716, 198340, 197975, 197619, 197273, 196938, 196612, 196297, 195992, 195697, 195412, 195138, 194874, 194620, 194376, 194141, 193917, 193702, 193497, 193301, 193114, 192935, 192766, 192605, 192452, 192306, 192169, 192039, 191916, 191800, 191691, 191588, 191491, 191401, 191315, 191235, 191161, 191091, 191026, 190965, 190908, 190855, 190806, 190761, 190719, 190680, 190644, 190611, 190580, 190552, 190526, 190502, 190480, 190460, 190441, 190424, 190409, 190395, 190382, 190371, 190361, 190351, 190343, 190335, 190328, 190322, 190317, 190313, 190309, 190306, 190303, 190301, 190300, 190299, 
211048, 210578, 210105, 209629, 209151, 208673, 208193, 207713, 207234, 206756, 206279, 205804, 205332, 204863, 204398, 203937, 203481, 203029, 202583, 202144, 201710, 201283, 200864, 200452, 200048, 199652, 199264, 198886, 198515, 198154, 197803, 197460, 197128, 196804, 196491, 196187, 195893, 195609, 195334, 195070, 194814, 194569, 194333, 194106, 193889, 193680, 193481, 193290, 193108, 192935, 192769, 192612, 192462, 192320, 192185, 192057, 191937, 191822, 191715, 191613, 191517, 191427, 191342, 191262, 191188, 191118, 191053, 190991, 190934, 190881, 190832, 190786, 190743, 190703, 190666, 190632, 190600, 190571, 190544, 190520, 190497, 190476, 190457, 190439, 190423, 190409, 190395, 190383, 190373, 190363, 190354, 190346, 190340, 190334, 190329, 190324, 190321, 190318, 190317, 190316, 
211396, 210940, 210481, 210019, 209555, 209089, 208621, 208154, 207686, 207218, 206752, 206286, 205823, 205362, 204904, 204450, 203999, 203553, 203112, 202676, 202245, 201820, 201402, 200991, 200586, 200189, 199800, 199418, 199045, 198680, 198323, 197976, 197637, 197307, 196986, 196675, 196373, 196080, 195796, 195522, 195256, 195001, 194754, 194516, 194288, 194068, 193857, 193655, 193461, 193276, 193099, 192930, 192768, 192615, 192468, 192329, 192197, 192072, 191953, 191840, 191734, 191634, 191539, 191450, 191365, 191286, 191212, 191142, 191077, 191015, 190958, 190905, 190855, 190808, 190765, 190724, 190687, 190652, 190620, 190590, 190563, 190537, 190514, 190492, 190473, 190455, 190438, 190423, 190410, 190397, 190386, 190376, 190368, 190360, 190354, 190348, 190344, 190341, 190338, 190337, 
211727, 211285, 210839, 210390, 209938, 209485, 209030, 208573, 208116, 207659, 207203, 206747, 206293, 205840, 205390, 204942, 204498, 204057, 203621, 203189, 202761, 202340, 201923, 201513, 201109, 200712, 200321, 199938, 199563, 199195, 198835, 198483, 198139, 197803, 197477, 197159, 196849, 196549, 196257, 195974, 195700, 195435, 195179, 194931, 194693, 194463, 194241, 194028, 193824, 193627, 193439, 193259, 193086, 192922, 192764, 192614, 192471, 192335, 192205, 192082, 191966, 191855, 191750, 191651, 191557, 191469, 191386, 191307, 191233, 191164, 191098, 191037, 190980, 190926, 190876, 190829, 190785, 190745, 190707, 190672, 190639, 190609, 190581, 190555, 190531, 190509, 190489, 190471, 190454, 190439, 190426, 190413, 190403, 190393, 190385, 190378, 190373, 190369, 190366, 190365, 
212043, 211613, 211180, 210744, 210304, 209863, 209419, 208974, 208528, 208081, 207634, 207188, 206742, 206298, 205856, 205415, 204977, 204543, 204111, 203684, 203260, 202842, 202428, 202020, 201617, 201220, 200830, 200446, 200069, 199699, 199336, 198980, 198633, 198293, 197961, 197637, 197322, 197015, 196716, 196426, 196144, 195871, 195606, 195349, 195101, 194862, 194631, 194408, 194193, 193987, 193788, 193597, 193414, 193239, 193071, 192910, 192757, 192610, 192470, 192337, 192210, 192090, 191975, 191866, 191763, 191666, 191573, 191486, 191403, 191325, 191252, 191183, 191118, 191057, 191000, 190946, 190896, 190849, 190805, 190764, 190726, 190691, 190658, 190627, 190599, 190573, 190549, 190527, 190507, 190489, 190473, 190458, 190445, 190433, 190424, 190415, 190409, 190404, 190400, 190399, 
212343, 211926, 211505, 211081, 210654, 210223, 209791, 209357, 208921, 208485, 208048, 207610, 207174, 206738, 206303, 205870, 205439, 205010, 204584, 204162, 203743, 203328, 202917, 202511, 202110, 201715, 201325, 200941, 200563, 200192, 199827, 199469, 199118, 198775, 198439, 198111, 197790, 197477, 197172, 196875, 196587, 196306, 196033, 195769, 195513, 195265, 195025, 194793, 194569, 194353, 194144, 193944, 193751, 193566, 193388, 193217, 193053, 192897, 192747, 192604, 192467, 192337, 192213, 192094, 191982, 191875, 191774, 191677, 191586, 191500, 191418, 191341, 191269, 191200, 191136, 191075, 191018, 190965, 190915, 190868, 190824, 190783, 190745, 190710, 190677, 190646, 190618, 190593, 190569, 190548, 190528, 190511, 190495, 190481, 190470, 190460, 190452, 190446, 190442, 190440, 
212630, 212225, 211816, 211403, 210987, 210568, 210147, 209723, 209298, 208871, 208444, 208016, 207588, 207160, 206733, 206307, 205883, 205460, 205040, 204623, 204209, 203798, 203391, 202988, 202589, 202195, 201806, 201423, 201045, 200673, 200308, 199948, 199595, 199249, 198910, 198578, 198253, 197935, 197625, 197322, 197028, 196740, 196461, 196189, 195926, 195670, 195422, 195181, 194949, 194724, 194507, 194297, 194095, 193900, 193713, 193532, 193359, 193193, 193034, 192881, 192735, 192595, 192461, 192334, 192212, 192096, 191986, 191881, 191782, 191687, 191597, 191512, 191432, 191356, 191284, 191216, 191152, 191092, 191035, 190982, 190933, 190886, 190843, 190802, 190765, 190730, 190697, 190667, 190640, 190615, 190592, 190572, 190554, 190538, 190524, 190512, 190503, 190496, 190491, 190488, 
212905, 212511, 212113, 211712, 211307, 210898, 210487, 210074, 209659, 209242, 208823, 208404, 207985, 207565, 207146, 206728, 206310, 205894, 205480, 205068, 204659, 204253, 203849, 203450, 203054, 202662, 202275, 201893, 201516, 201144, 200778, 200417, 200063, 199715, 199373, 199038, 198709, 198388, 198073, 197766, 197465, 197173, 196887, 196609, 196339, 196076, 195820, 195572, 195332, 195099, 194873, 194655, 194444, 194241, 194045, 193856, 193673, 193498, 193330, 193168, 193012, 192863, 192721, 192584, 192454, 192329, 192210, 192096, 191988, 191885, 191788, 191695, 191606, 191523, 191443, 191368, 191298, 191231, 191168, 191108, 191052, 191000, 190951, 190905, 190863, 190823, 190786, 190752, 190720, 190692, 190666, 190642, 190621, 190603, 190587, 190573, 190562, 190554, 190548, 190545, 
213167, 212785, 212398, 212007, 211612, 211215, 210814, 210410, 210005, 209597, 209188, 208778, 208367, 207956, 207544, 207133, 206723, 206313, 205905, 205499, 205095, 204693, 204294, 203898, 203505, 203116, 202732, 202351, 201975, 201604, 201238, 200877, 200521, 200172, 199828, 199490, 199159, 198834, 198516, 198205, 197900, 197602, 197311, 197028, 196751, 196482, 196220, 195965, 195717, 195477, 195244, 195018, 194799, 194587, 194383, 194185, 193994, 193810, 193633, 193463, 193299, 193141, 192990, 192844, 192705, 192572, 192444, 192322, 192206, 192095, 191989, 191888, 191792, 191701, 191614, 191532, 191454, 191380, 191311, 191245, 191183, 191125, 191070, 191019, 190971, 190926, 190885, 190846, 190811, 190778, 190749, 190722, 190698, 190677, 190659, 190643, 190631, 190621, 190615, 190611, 
213419, 213047, 212670, 212290, 211906, 211518, 211127, 210733, 210337, 209939, 209539, 209137, 208735, 208331, 207928, 207524, 207120, 206718, 206316, 205915, 205516, 205119, 204725, 204333, 203944, 203558, 203176, 202797, 202423, 202052, 201687, 201326, 200970, 200620, 200275, 199936, 199602, 199275, 198954, 198639, 198330, 198028, 197733, 197444, 197162, 196887, 196619, 196358, 196104, 195857, 195617, 195384, 195157, 194938, 194726, 194520, 194321, 194129, 193944, 193765, 193593, 193427, 193267, 193113, 192966, 192824, 192688, 192558, 192434, 192315, 192201, 192092, 191989, 191890, 191796, 191706, 191621, 191541, 191465, 191393, 191324, 191260, 191200, 191143, 191090, 191040, 190994, 190951, 190911, 190874, 190841, 190811, 190784, 190760, 190740, 190722, 190708, 190697, 190690, 190686, 
213660, 213298, 212932, 212561, 212187, 211809, 211428, 211043, 210656, 210267, 209876, 209483, 209089, 208693, 208297, 207901, 207504, 207108, 206712, 206318, 205924, 205532, 205142, 204755, 204369, 203987, 203607, 203231, 202859, 202490, 202126, 201766, 201410, 201060, 200714, 200373, 200038, 199709, 199385, 199068, 198756, 198450, 198151, 197858, 197571, 197291, 197018, 196751, 196491, 196238, 195991, 195752, 195519, 195292, 195073, 194860, 194653, 194454, 194261, 194074, 193894, 193720, 193552, 193390, 193235, 193085, 192941, 192803, 192671, 192544, 192422, 192306, 192195, 192089, 191988, 191891, 191799, 191712, 191629, 191551, 191476, 191406, 191340, 191277, 191219, 191164, 191113, 191065, 191021, 190981, 190944, 190910, 190880, 190854, 190831, 190811, 190795, 190783, 190775, 190771, 
213892, 213540, 213183, 212822, 212457, 212089, 211717, 211341, 210963, 210583, 210200, 209816, 209429, 209042, 208653, 208264, 207875, 207485, 207096, 206707, 206319, 205933, 205547, 205164, 204783, 204404, 204028, 203654, 203284, 202918, 202555, 202196, 201841, 201490, 201144, 200803, 200467, 200136, 199811, 199491, 199176, 198868, 198565, 198268, 197978, 197693, 197415, 197144, 196878, 196619, 196367, 196121, 195882, 195649, 195423, 195203, 194990, 194783, 194582, 194388, 194201, 194019, 193844, 193675, 193511, 193354, 193203, 193057, 192917, 192782, 192653, 192530, 192411, 192298, 192189, 192086, 191987, 191893, 191804, 191719, 191638, 191562, 191490, 191422, 191358, 191298, 191242, 191190, 191141, 191097, 191056, 191019, 190986, 190957, 190931, 190910, 190892, 190879, 190870, 190865, 
214115, 213772, 213424, 213073, 212717, 212357, 211994, 211628, 211259, 210887, 210513, 210136, 209758, 209378, 208997, 208615, 208233, 207850, 207467, 207084, 206702, 206320, 205940, 205561, 205184, 204809, 204437, 204066, 203699, 203334, 202973, 202616, 202262, 201912, 201566, 201225, 200889, 200557, 200230, 199908, 199591, 199280, 198975, 198675, 198381, 198093, 197811, 197534, 197264, 197000, 196743, 196491, 196246, 196008, 195775, 195549, 195329, 195116, 194909, 194708, 194513, 194324, 194142, 193965, 193795, 193630, 193471, 193318, 193171, 193029, 192892, 192762, 192636, 192515, 192400, 192290, 192184, 192084, 191988, 191896, 191810, 191728, 191650, 191576, 191507, 191442, 191381, 191324, 191272, 191223, 191178, 191138, 191102, 191069, 191042, 191018, 190999, 190984, 190974, 190969, 
214329, 213995, 213656, 213314, 212967, 212616, 212262, 211904, 211543, 211180, 210814, 210445, 210075, 209703, 209329, 208954, 208578, 208202, 207825, 207449, 207072, 206696, 206321, 205947, 205574, 205203, 204834, 204467, 204103, 203741, 203382, 203026, 202674, 202325, 201980, 201639, 201302, 200970, 200642, 200319, 200001, 199688, 199380, 199078, 198781, 198489, 198203, 197923, 197649, 197381, 197118, 196862, 196612, 196367, 196129, 195897, 195671, 195452, 195238, 195031, 194829, 194634, 194445, 194261, 194084, 193912, 193746, 193586, 193432, 193283, 193140, 193002, 192869, 192742, 192620, 192503, 192390, 192283, 192181, 192084, 191991, 191903, 191819, 191740, 191666, 191596, 191530, 191469, 191412, 191359, 191311, 191267, 191227, 191192, 191162, 191136, 191115, 191099, 191088, 191083, 
214534, 214209, 213880, 213546, 213207, 212865, 212519, 212170, 211818, 211462, 211104, 210743, 210381, 210016, 209649, 209282, 208913, 208543, 208173, 207802, 207431, 207061, 206691, 206322, 205954, 205587, 205221, 204858, 204497, 204138, 203781, 203427, 203077, 202729, 202385, 202045, 201708, 201376, 201048, 200724, 200405, 200090, 199780, 199476, 199176, 198882, 198593, 198309, 198031, 197759, 197493, 197232, 196977, 196728, 196484, 196247, 196016, 195790, 195571, 195357, 195150, 194948, 194752, 194562, 194378, 194200, 194028, 193861, 193700, 193544, 193394, 193249, 193110, 192976, 192847, 192724, 192605, 192492, 192383, 192280, 192181, 192087, 191998, 191914, 191834, 191759, 191689, 191623, 191561, 191505, 191453, 191405, 191363, 191325, 191292, 191264, 191241, 191224, 191212, 191206, 
214733, 214416, 214095, 213769, 213439, 213105, 212768, 212426, 212082, 211735, 211384, 211031, 210676, 210319, 209959, 209598, 209236, 208873, 208509, 208144, 207779, 207414, 207050, 206685, 206322, 205959, 205598, 205238, 204880, 204524, 204171, 203819, 203470, 203125, 202782, 202443, 202107, 201775, 201446, 201122, 200802, 200486, 200175, 199869, 199567, 199271, 198979, 198693, 198412, 198136, 197866, 197601, 197341, 197088, 196840, 196598, 196361, 196130, 195905, 195686, 195473, 195265, 195064, 194868, 194678, 194493, 194314, 194141, 193973, 193811, 193655, 193504, 193358, 193218, 193083, 192953, 192828, 192709, 192594, 192485, 192380, 192281, 192186, 192097, 192012, 191932, 191857, 191786, 191721, 191660, 191604, 191553, 191508, 191467, 191432, 191402, 191377, 191359, 191346, 191340, 
214924, 214615, 214302, 213984, 213662, 213337, 213007, 212674, 212337, 211997, 211655, 211309, 210961, 210611, 210259, 209905, 209549, 209192, 208835, 208476, 208117, 207757, 207398, 207039, 206680, 206322, 205965, 205609, 205254, 204902, 204551, 204202, 203855, 203512, 203171, 202832, 202498, 202166, 201838, 201514, 201193, 200877, 200565, 200257, 199954, 199656, 199362, 199073, 198789, 198510, 198237, 197968, 197705, 197447, 197195, 196949, 196707, 196472, 196242, 196018, 195799, 195586, 195379, 195177, 194981, 194790, 194605, 194426, 194252, 194084, 193922, 193764, 193613, 193466, 193325, 193189, 193058, 192933, 192813, 192698, 192588, 192483, 192383, 192288, 192198, 192113, 192034, 191959, 191889, 191825, 191765, 191711, 191662, 191619, 191581, 191549, 191523, 191503, 191490, 191483, 
215108, 214807, 214502, 214192, 213878, 213560, 213238, 212912, 212583, 212251, 211916, 211578, 211237, 210894, 210548, 210201, 209852, 209502, 209150, 208798, 208444, 208090, 207736, 207382, 207028, 206674, 206322, 205970, 205619, 205269, 204922, 204576, 204232, 203890, 203551, 203214, 202881, 202550, 202223, 201899, 201578, 201262, 200949, 200641, 200336, 200036, 199741, 199450, 199163, 198882, 198605, 198334, 198067, 197806, 197550, 197299, 197054, 196814, 196579, 196350, 196127, 195909, 195696, 195489, 195287, 195091, 194901, 194716, 194537, 194363, 194194, 194031, 193873, 193721, 193574, 193432, 193296, 193165, 193039, 192918, 192803, 192693, 192588, 192488, 192393, 192304, 192219, 192140, 192067, 191998, 191935, 191878, 191826, 191780, 191740, 191706, 191678, 191657, 191643, 191635, 
215285, 214992, 214694, 214392, 214086, 213775, 213461, 213143, 212821, 212496, 212168, 211837, 211503, 211167, 210829, 210488, 210146, 209802, 209456, 209109, 208762, 208413, 208065, 207715, 207366, 207017, 206669, 206321, 205974, 205628, 205284, 204941, 204600, 204260, 203923, 203588, 203256, 202927, 202600, 202277, 201957, 201641, 201328, 201018, 200713, 200412, 200115, 199822, 199534, 199250, 198971, 198697, 198428, 198163, 197904, 197650, 197400, 197156, 196918, 196684, 196456, 196233, 196016, 195804, 195597, 195396, 195200, 195010, 194825, 194645, 194471, 194303, 194139, 193982, 193829, 193682, 193540, 193403, 193272, 193146, 193026, 192910, 192800, 192696, 192596, 192502, 192414, 192331, 192253, 192181, 192114, 192054, 191999, 191951, 191908, 191872, 191843, 191820, 191805, 191797, 
215457, 215171, 214880, 214585, 214286, 213983, 213676, 213365, 213051, 212733, 212412, 212088, 211761, 211432, 211100, 210766, 210430, 210092, 209753, 209412, 209070, 208727, 208384, 208040, 207695, 207351, 207007, 206663, 206320, 205978, 205637, 205297, 204959, 204622, 204287, 203955, 203624, 203296, 202971, 202649, 202329, 202013, 201700, 201391, 201085, 200783, 200485, 200191, 199901, 199616, 199335, 199058, 198786, 198519, 198256, 197999, 197746, 197499, 197256, 197018, 196786, 196559, 196337, 196120, 195909, 195703, 195502, 195307, 195117, 194932, 194753, 194579, 194411, 194248, 194090, 193937, 193790, 193648, 193512, 193381, 193255, 193135, 193020, 192911, 192807, 192709, 192616, 192529, 192447, 192372, 192302, 192238, 192181, 192130, 192085, 192047, 192016, 191993, 191977, 191968, 
215622, 215343, 215060, 214772, 214480, 214184, 213884, 213580, 213273, 212962, 212648, 212331, 212011, 211688, 211363, 211035, 210705, 210374, 210040, 209705, 209369, 209032, 208694, 208355, 208015, 207676, 207336, 206997, 206658, 206319, 205982, 205645, 205310, 204976, 204644, 204314, 203985, 203659, 203335, 203014, 202695, 202380, 202067, 201758, 201452, 201149, 200851, 200556, 200265, 199978, 199695, 199416, 199142, 198872, 198607, 198347, 198091, 197840, 197594, 197353, 197117, 196886, 196660, 196439, 196223, 196013, 195807, 195607, 195413, 195223, 195039, 194860, 194687, 194518, 194356, 194198, 194046, 193899, 193758, 193622, 193492, 193367, 193248, 193134, 193026, 192923, 192826, 192735, 192650, 192571, 192498, 192431, 192371, 192318, 192271, 192231, 192199, 192174, 192157, 192148, 
215782, 215510, 215234, 214953, 214668, 214379, 214085, 213789, 213488, 213184, 212877, 212566, 212253, 211936, 211617, 211296, 210973, 210647, 210319, 209990, 209660, 209328, 208995, 208661, 208327, 207992, 207657, 207322, 206987, 206652, 206318, 205985, 205653, 205322, 204993, 204665, 204338, 204014, 203692, 203372, 203055, 202740, 202428, 202119, 201813, 201511, 201211, 200916, 200624, 200336, 200051, 199771, 199495, 199223, 198956, 198693, 198435, 198181, 197932, 197687, 197448, 197213, 196983, 196758, 196539, 196324, 196115, 195910, 195711, 195517, 195328, 195145, 194967, 194794, 194626, 194464, 194307, 194156, 194010, 193869, 193734, 193605, 193481, 193363, 193251, 193144, 193044, 192949, 192860, 192778, 192702, 192632, 192570, 192514, 192465, 192423, 192390, 192364, 192346, 192337, 
215937, 215671, 215401, 215127, 214849, 214566, 214280, 213990, 213696, 213399, 213098, 212794, 212487, 212177, 211864, 211549, 211232, 210912, 210590, 210267, 209942, 209615, 209288, 208959, 208630, 208300, 207969, 207638, 207308, 206977, 206647, 206317, 205989, 205661, 205334, 205008, 204685, 204362, 204042, 203724, 203408, 203094, 202783, 202475, 202169, 201867, 201567, 201271, 200979, 200690, 200404, 200123, 199845, 199572, 199303, 199037, 198777, 198520, 198268, 198021, 197778, 197540, 197307, 197079, 196855, 196637, 196424, 196215, 196012, 195814, 195621, 195433, 195250, 195073, 194901, 194734, 194573, 194417, 194267, 194122, 193983, 193849, 193721, 193599, 193483, 193372, 193268, 193170, 193078, 192992, 192913, 192841, 192776, 192718, 192667, 192624, 192588, 192561, 192543, 192534, 
216086, 215827, 215564, 215296, 215024, 214748, 214468, 214185, 213897, 213606, 213312, 213014, 212714, 212410, 212103, 211794, 211483, 211169, 210853, 210536, 210216, 209895, 209573, 209249, 208925, 208599, 208273, 207947, 207621, 207294, 206968, 206642, 206316, 205991, 205668, 205345, 205024, 204704, 204385, 204069, 203754, 203442, 203132, 202825, 202520, 202218, 201918, 201622, 201329, 201040, 200754, 200471, 200192, 199918, 199646, 199379, 199117, 198858, 198604, 198354, 198108, 197867, 197631, 197400, 197173, 196951, 196734, 196522, 196315, 196113, 195916, 195724, 195537, 195356, 195180, 195009, 194843, 194683, 194529, 194380, 194237, 194099, 193967, 193841, 193721, 193607, 193499, 193398, 193302, 193214, 193132, 193057, 192990, 192929, 192877, 192832, 192795, 192767, 192748, 192738, 
216231, 215978, 215721, 215460, 215194, 214924, 214651, 214373, 214092, 213807, 213519, 213228, 212933, 212636, 212335, 212032, 211727, 211419, 211109, 210796, 210482, 210167, 209850, 209531, 209212, 208891, 208570, 208248, 207926, 207603, 207281, 206958, 206636, 206315, 205994, 205674, 205356, 205038, 204722, 204407, 204095, 203784, 203475, 203169, 202865, 202563, 202265, 201969, 201676, 201386, 201099, 200816, 200536, 200260, 199988, 199719, 199455, 199194, 198938, 198685, 198438, 198194, 197955, 197721, 197491, 197266, 197045, 196830, 196619, 196414, 196213, 196017, 195827, 195642, 195462, 195287, 195118, 194954, 194795, 194642, 194495, 194354, 194218, 194089, 193965, 193848, 193736, 193632, 193534, 193442, 193358, 193280, 193210, 193148, 193093, 193047, 193009, 192980, 192961, 192950, 
216371, 216124, 215873, 215618, 215358, 215095, 214827, 214556, 214281, 214002, 213720, 213435, 213147, 212855, 212561, 212263, 211963, 211661, 211357, 211050, 210741, 210431, 210119, 209806, 209491, 209175, 208858, 208541, 208223, 207905, 207586, 207267, 206949, 206631, 206313, 205997, 205681, 205366, 205052, 204740, 204429, 204120, 203813, 203507, 203204, 202904, 202606, 202310, 202017, 201727, 201441, 201157, 200877, 200600, 200326, 200056, 199790, 199528, 199270, 199016, 198766, 198520, 198278, 198041, 197809, 197581, 197358, 197139, 196925, 196716, 196512, 196313, 196119, 195930, 195747, 195568, 195395, 195228, 195066, 194909, 194759, 194614, 194475, 194342, 194215, 194094, 193980, 193872, 193771, 193677, 193590, 193510, 193438, 193374, 193317, 193270, 193231, 193201, 193180, 193170, 
216506, 216266, 216020, 215771, 215517, 215260, 214998, 214733, 214464, 214191, 213915, 213636, 213353, 213068, 212779, 212487, 212193, 211897, 211598, 211296, 210993, 210688, 210381, 210073, 209763, 209452, 209140, 208827, 208513, 208199, 207884, 207570, 207255, 206940, 206626, 206312, 205999, 205687, 205376, 205065, 204757, 204450, 204144, 203840, 203539, 203239, 202942, 202647, 202354, 202065, 201778, 201494, 201213, 200936, 200661, 200391, 200123, 199860, 199600, 199344, 199092, 198845, 198601, 198362, 198127, 197896, 197670, 197449, 197232, 197020, 196813, 196611, 196413, 196221, 196034, 195853, 195676, 195505, 195340, 195180, 195026, 194878, 194736, 194599, 194469, 194345, 194228, 194118, 194014, 193917, 193828, 193746, 193672, 193606, 193548, 193499, 193458, 193428, 193407, 193396, 
216638, 216402, 216163, 215919, 215672, 215420, 215164, 214905, 214642, 214375, 214105, 213831, 213554, 213274, 212991, 212705, 212417, 212125, 211832, 211536, 211238, 210938, 210636, 210333, 210028, 209721, 209414, 209105, 208796, 208486, 208175, 207865, 207553, 207242, 206931, 206621, 206311, 206001, 205693, 205385, 205079, 204773, 204470, 204168, 203867, 203569, 203273, 202978, 202687, 202398, 202111, 201827, 201546, 201268, 200993, 200722, 200454, 200189, 199928, 199671, 199418, 199168, 198923, 198681, 198444, 198211, 197983, 197759, 197539, 197325, 197115, 196910, 196710, 196515, 196325, 196140, 195960, 195786, 195618, 195455, 195297, 195146, 195001, 194861, 194729, 194602, 194482, 194369, 194262, 194163, 194072, 193988, 193912, 193844, 193784, 193734, 193693, 193661, 193640, 193629, 
216765, 216535, 216301, 216063, 215821, 215575, 215325, 215071, 214814, 214553, 214288, 214020, 213749, 213474, 213197, 212917, 212634, 212348, 212060, 211769, 211476, 211181, 210885, 210586, 210286, 209984, 209681, 209377, 209072, 208766, 208460, 208153, 207845, 207538, 207230, 206923, 206616, 206309, 206003, 205698, 205394, 205091, 204790, 204489, 204191, 203894, 203598, 203305, 203014, 202726, 202440, 202156, 201875, 201597, 201322, 201050, 200782, 200516, 200254, 199996, 199741, 199490, 199243, 199000, 198761, 198526, 198295, 198069, 197847, 197630, 197418, 197210, 197007, 196809, 196617, 196429, 196247, 196070, 195898, 195732, 195572, 195418, 195270, 195128, 194992, 194863, 194740, 194625, 194516, 194415, 194321, 194235, 194157, 194088, 194027, 193975, 193933, 193901, 193879, 193867, 
216888, 216664, 216435, 216203, 215966, 215725, 215481, 215233, 214981, 214725, 214466, 214204, 213938, 213669, 213397, 213122, 212844, 212564, 212281, 211996, 211708, 211418, 211126, 210833, 210537, 210240, 209942, 209642, 209341, 209040, 208737, 208434, 208131, 207827, 207523, 207219, 206915, 206611, 206308, 206006, 205704, 205403, 205104, 204805, 204508, 204213, 203919, 203627, 203337, 203050, 202764, 202481, 202201, 201923, 201648, 201375, 201106, 200840, 200577, 200318, 200062, 199810, 199562, 199317, 199076, 198840, 198607, 198379, 198155, 197936, 197721, 197511, 197306, 197106, 196910, 196720, 196535, 196356, 196182, 196013, 195850, 195693, 195543, 195398, 195260, 195128, 195003, 194885, 194774, 194671, 194575, 194487, 194408, 194337, 194275, 194222, 194179, 194146, 194123, 194112, 
217008, 216789, 216565, 216338, 216107, 215871, 215632, 215389, 215143, 214893, 214639, 214382, 214121, 213858, 213591, 213322, 213049, 212774, 212496, 212216, 211933, 211648, 211362, 211073, 210782, 210490, 210196, 209901, 209604, 209307, 209008, 208709, 208409, 208109, 207809, 207508, 207207, 206907, 206607, 206307, 206008, 205710, 205412, 205116, 204821, 204527, 204235, 203944, 203656, 203369, 203084, 202802, 202522, 202244, 201969, 201697, 201428, 201161, 200898, 200638, 200382, 200128, 199879, 199633, 199391, 199153, 198919, 198689, 198463, 198242, 198025, 197813, 197606, 197403, 197206, 197013, 196826, 196644, 196467, 196296, 196131, 195972, 195818, 195672, 195531, 195397, 195270, 195150, 195037, 194932, 194834, 194745, 194664, 194591, 194528, 194474, 194430, 194396, 194373, 194361, 
217124, 216910, 216692, 216469, 216243, 216013, 215779, 215541, 215300, 215055, 214807, 214555, 214300, 214042, 213780, 213516, 213248, 212978, 212706, 212430, 212153, 211873, 211591, 211307, 211021, 210733, 210444, 210153, 209861, 209567, 209273, 208978, 208682, 208385, 208088, 207791, 207494, 207196, 206899, 206602, 206306, 206010, 205715, 205421, 205128, 204836, 204546, 204257, 203969, 203684, 203400, 203119, 202839, 202562, 202287, 202015, 201746, 201480, 201216, 200956, 200698, 200445, 200194, 199947, 199704, 199465, 199229, 198998, 198771, 198548, 198330, 198116, 197906, 197702, 197502, 197307, 197118, 196934, 196755, 196582, 196414, 196253, 196097, 195948, 195805, 195669, 195540, 195418, 195304, 195196, 195097, 195006, 194924, 194850, 194786, 194731, 194686, 194652, 194628, 194616, 
217237, 217027, 216814, 216597, 216375, 216150, 215922, 215689, 215453, 215213, 214970, 214723, 214473, 214220, 213964, 213704, 213442, 213177, 212909, 212639, 212366, 212091, 211814, 211535, 211253, 210970, 210685, 210399, 210111, 209822, 209532, 209240, 208948, 208655, 208362, 208068, 207774, 207480, 207186, 206892, 206598, 206305, 206013, 205721, 205430, 205140, 204851, 204564, 204278, 203994, 203711, 203431, 203152, 202876, 202602, 202330, 202061, 201795, 201531, 201271, 201013, 200759, 200508, 200260, 200016, 199776, 199539, 199306, 199078, 198854, 198633, 198418, 198207, 198001, 197799, 197602, 197411, 197225, 197044, 196869, 196700, 196536, 196379, 196228, 196083, 195945, 195814, 195690, 195574, 195465, 195364, 195272, 195188, 195113, 195048, 194992, 194946, 194911, 194888, 194875, 
217346, 217141, 216933, 216720, 216504, 216284, 216060, 215832, 215601, 215366, 215128, 214887, 214642, 214393, 214142, 213888, 213631, 213371, 213108, 212842, 212574, 212304, 212032, 211757, 211480, 211201, 210921, 210639, 210355, 210070, 209784, 209497, 209209, 208920, 208630, 208340, 208049, 207758, 207467, 207176, 206885, 206595, 206305, 206015, 205727, 205439, 205152, 204867, 204582, 204300, 204018, 203739, 203461, 203186, 202913, 202642, 202373, 202107, 201843, 201583, 201325, 201070, 200819, 200571, 200326, 200085, 199847, 199614, 199384, 199158, 198937, 198720, 198508, 198300, 198097, 197898, 197705, 197517, 197335, 197158, 196987, 196821, 196662, 196509, 196363, 196223, 196091, 195965, 195847, 195737, 195635, 195541, 195456, 195380, 195314, 195257, 195211, 195175, 195151, 195139, 
217452, 217252, 217048, 216840, 216629, 216413, 216194, 215972, 215745, 215515, 215282, 215045, 214805, 214562, 214316, 214066, 213814, 213559, 213301, 213040, 212777, 212511, 212244, 211973, 211701, 211427, 211151, 210873, 210594, 210313, 210031, 209748, 209463, 209178, 208892, 208605, 208318, 208030, 207742, 207454, 207166, 206879, 206591, 206304, 206018, 205732, 205448, 205164, 204882, 204601, 204321, 204043, 203767, 203492, 203220, 202949, 202681, 202415, 202152, 201892, 201634, 201379, 201128, 200879, 200634, 200392, 200154, 199920, 199689, 199463, 199240, 199022, 198808, 198599, 198395, 198195, 198000, 197811, 197627, 197448, 197276, 197109, 196948, 196793, 196645, 196504, 196370, 196243, 196124, 196012, 195909, 195814, 195728, 195651, 195584, 195526, 195479, 195443, 195419, 195406, 
217555, 217360, 217160, 216957, 216750, 216539, 216325, 216107, 215885, 215660, 215432, 215200, 214965, 214726, 214485, 214240, 213993, 213742, 213489, 213233, 212974, 212713, 212450, 212185, 211917, 211647, 211375, 211102, 210827, 210550, 210272, 209993, 209712, 209431, 209148, 208865, 208581, 208297, 208012, 207727, 207442, 207157, 206873, 206588, 206304, 206021, 205739, 205457, 205177, 204897, 204619, 204342, 204067, 203794, 203523, 203253, 202986, 202721, 202458, 202198, 201941, 201686, 201434, 201186, 200940, 200698, 200459, 200224, 199993, 199766, 199543, 199323, 199109, 198898, 198693, 198492, 198296, 198105, 197920, 197740, 197566, 197397, 197235, 197079, 196930, 196787, 196652, 196523, 196403, 196290, 196186, 196090, 196003, 195925, 195857, 195799, 195751, 195715, 195690, 195677, 
217655, 217464, 217269, 217070, 216868, 216662, 216452, 216239, 216022, 215801, 215577, 215350, 215120, 214886, 214649, 214409, 214166, 213920, 213672, 213421, 213167, 212910, 212651, 212390, 212127, 211862, 211594, 211325, 211054, 210782, 210507, 210232, 209955, 209678, 209399, 209119, 208839, 208558, 208276, 207995, 207713, 207431, 207149, 206867, 206586, 206305, 206025, 205745, 205467, 205189, 204913, 204638, 204364, 204092, 203822, 203554, 203287, 203023, 202761, 202501, 202244, 201990, 201738, 201490, 201244, 201002, 200763, 200528, 200296, 200068, 199844, 199624, 199408, 199197, 198991, 198789, 198592, 198400, 198213, 198032, 197857, 197687, 197524, 197367, 197216, 197072, 196935, 196806, 196684, 196570, 196465, 196368, 196280, 196201, 196133, 196074, 196026, 195989, 195964, 195951, 
217753, 217566, 217375, 217181, 216983, 216781, 216575, 216367, 216154, 215938, 215719, 215496, 215270, 215041, 214809, 214574, 214335, 214094, 213850, 213603, 213354, 213102, 212848, 212591, 212332, 212071, 211808, 211543, 211276, 211008, 210738, 210466, 210193, 209919, 209644, 209368, 209091, 208814, 208535, 208257, 207978, 207699, 207420, 207141, 206862, 206584, 206306, 206029, 205752, 205477, 205202, 204929, 204657, 204386, 204117, 203850, 203585, 203321, 203060, 202801, 202545, 202291, 202040, 201791, 201546, 201304, 201065, 200829, 200597, 200369, 200144, 199924, 199707, 199496, 199288, 199085, 198888, 198695, 198507, 198325, 198149, 197978, 197813, 197655, 197504, 197359, 197221, 197091, 196968, 196853, 196747, 196649, 196560, 196481, 196411, 196352, 196304, 196267, 196241, 196229, 
217847, 217664, 217478, 217288, 217094, 216897, 216695, 216491, 216283, 216071, 215857, 215638, 215417, 215192, 214965, 214734, 214500, 214263, 214024, 213782, 213537, 213289, 213039, 212787, 212532, 212275, 212017, 211756, 211493, 211229, 210962, 210695, 210426, 210156, 209884, 209612, 209338, 209064, 208789, 208514, 208238, 207962, 207686, 207410, 207134, 206858, 206582, 206307, 206033, 205760, 205487, 205216, 204945, 204676, 204409, 204143, 203879, 203617, 203356, 203098, 202843, 202589, 202338, 202090, 201845, 201603, 201364, 201129, 200896, 200668, 200443, 200222, 200006, 199793, 199585, 199382, 199183, 198990, 198801, 198618, 198441, 198270, 198104, 197945, 197792, 197647, 197508, 197377, 197253, 197137, 197030, 196932, 196842, 196762, 196692, 196633, 196584, 196547, 196521, 196508, 
217939, 217760, 217578, 217392, 217202, 217009, 216812, 216612, 216408, 216201, 215991, 215777, 215560, 215340, 215116, 214890, 214660, 214428, 214193, 213955, 213715, 213471, 213226, 212978, 212727, 212475, 212220, 211963, 211705, 211444, 211182, 210919, 210653, 210387, 210119, 209850, 209580, 209310, 209038, 208766, 208493, 208220, 207947, 207674, 207400, 207127, 206854, 206582, 206310, 206038, 205768, 205498, 205230, 204962, 204696, 204432, 204169, 203908, 203649, 203392, 203137, 202885, 202634, 202387, 202142, 201901, 201662, 201426, 201194, 200966, 200741, 200520, 200303, 200090, 199882, 199678, 199479, 199284, 199095, 198912, 198734, 198562, 198395, 198235, 198082, 197936, 197796, 197664, 197540, 197423, 197316, 197216, 197127, 197046, 196976, 196916, 196867, 196829, 196803, 196790, 
218029, 217854, 217675, 217493, 217308, 217118, 216926, 216730, 216530, 216327, 216121, 215912, 215699, 215483, 215264, 215042, 214817, 214589, 214358, 214124, 213888, 213649, 213408, 213164, 212918, 212670, 212419, 212166, 211912, 211655, 211397, 211137, 210876, 210613, 210349, 210084, 209817, 209550, 209282, 209013, 208744, 208474, 208203, 207933, 207662, 207392, 207121, 206851, 206582, 206312, 206044, 205777, 205510, 205244, 204980, 204717, 204456, 204196, 203938, 203682, 203429, 203177, 202928, 202681, 202437, 202195, 201957, 201722, 201490, 201262, 201037, 200816, 200599, 200386, 200177, 199973, 199773, 199579, 199389, 199205, 199027, 198854, 198687, 198526, 198373, 198225, 198085, 197953, 197828, 197711, 197602, 197503, 197412, 197331, 197261, 197200, 197151, 197113, 197087, 197074, 
218116, 217945, 217770, 217592, 217410, 217225, 217036, 216844, 216649, 216450, 216248, 216043, 215834, 215622, 215408, 215190, 214969, 214745, 214519, 214289, 214057, 213823, 213586, 213346, 213104, 212860, 212613, 212365, 212114, 211861, 211607, 211351, 211094, 210834, 210574, 210312, 210049, 209786, 209521, 209255, 208989, 208722, 208455, 208187, 207919, 207652, 207384, 207116, 206849, 206582, 206316, 206051, 205786, 205523, 205260, 204999, 204739, 204481, 204224, 203970, 203717, 203466, 203218, 202972, 202729, 202488, 202250, 202015, 201784, 201556, 201331, 201110, 200893, 200680, 200471, 200267, 200067, 199873, 199683, 199498, 199319, 199146, 198979, 198818, 198663, 198516, 198375, 198242, 198117, 197999, 197890, 197790, 197699, 197618, 197547, 197486, 197437, 197399, 197373, 197360, 
218200, 218033, 217862, 217688, 217510, 217329, 217144, 216956, 216764, 216570, 216372, 216170, 215966, 215758, 215548, 215334, 215117, 214898, 214676, 214450, 214222, 213992, 213759, 213523, 213285, 213045, 212803, 212558, 212311, 212063, 211812, 211560, 211306, 211051, 210794, 210536, 210277, 210016, 209755, 209493, 209230, 208966, 208702, 208437, 208172, 207907, 207642, 207377, 207112, 206848, 206584, 206321, 206058, 205797, 205536, 205277, 205019, 204762, 204507, 204253, 204002, 203753, 203505, 203260, 203018, 202778, 202541, 202307, 202076, 201848, 201624, 201403, 201186, 200973, 200765, 200560, 200360, 200166, 199976, 199791, 199612, 199438, 199271, 199109, 198955, 198807, 198666, 198532, 198406, 198289, 198179, 198079, 197988, 197906, 197835, 197774, 197724, 197686, 197660, 197647, 
218283, 218119, 217952, 217781, 217607, 217430, 217249, 217064, 216877, 216686, 216492, 216295, 216094, 215891, 215684, 215475, 215262, 215047, 214828, 214607, 214384, 214157, 213928, 213697, 213463, 213226, 212988, 212747, 212505, 212260, 212013, 211765, 211515, 211263, 211010, 210755, 210499, 210242, 209984, 209725, 209466, 209205, 208944, 208682, 208420, 208158, 207896, 207633, 207371, 207109, 206848, 206587, 206326, 206067, 205808, 205551, 205294, 205039, 204786, 204534, 204284, 204036, 203790, 203546, 203304, 203065, 202829, 202596, 202365, 202138, 201914, 201694, 201477, 201265, 201056, 200852, 200653, 200458, 200268, 200083, 199904, 199730, 199562, 199401, 199246, 199097, 198956, 198823, 198696, 198578, 198469, 198368, 198277, 198195, 198123, 198062, 198013, 197974, 197948, 197935, 
218363, 218203, 218039, 217872, 217702, 217528, 217351, 217170, 216987, 216800, 216609, 216416, 216220, 216020, 215817, 215612, 215403, 215192, 214977, 214760, 214541, 214318, 214093, 213866, 213636, 213403, 213169, 212932, 212693, 212452, 212210, 211965, 211719, 211470, 211221, 210970, 210718, 210464, 210209, 209954, 209697, 209440, 209182, 208923, 208664, 208405, 208145, 207885, 207626, 207366, 207107, 206849, 206590, 206333, 206076, 205821, 205566, 205313, 205061, 204811, 204562, 204316, 204071, 203828, 203588, 203350, 203115, 202882, 202652, 202426, 202203, 201983, 201767, 201555, 201347, 201143, 200943, 200749, 200559, 200374, 200195, 200021, 199853, 199692, 199537, 199388, 199247, 199113, 198987, 198869, 198759, 198658, 198567, 198485, 198413, 198352, 198302, 198263, 198237, 198224, 
218441, 218284, 218124, 217960, 217794, 217623, 217450, 217273, 217093, 216910, 216724, 216534, 216342, 216146, 215947, 215745, 215541, 215333, 215123, 214910, 214694, 214475, 214254, 214031, 213805, 213576, 213346, 213113, 212878, 212641, 212401, 212161, 211918, 211673, 211428, 211180, 210931, 210681, 210430, 210177, 209924, 209670, 209415, 209159, 208903, 208647, 208390, 208133, 207876, 207619, 207363, 207106, 206850, 206595, 206341, 206087, 205835, 205583, 205333, 205085, 204838, 204592, 204349, 204108, 203869, 203632, 203398, 203166, 202937, 202712, 202489, 202270, 202055, 201843, 201635, 201432, 201233, 201038, 200849, 200664, 200485, 200312, 200144, 199983, 199827, 199679, 199538, 199404, 199277, 199159, 199049, 198948, 198857, 198775, 198703, 198642, 198592, 198553, 198527, 198514, 
218517, 218364, 218207, 218047, 217883, 217717, 217547, 217374, 217197, 217018, 216835, 216649, 216460, 216269, 216074, 215876, 215675, 215471, 215265, 215055, 214843, 214629, 214412, 214192, 213970, 213745, 213518, 213289, 213058, 212825, 212589, 212352, 212113, 211872, 211630, 211386, 211141, 210894, 210646, 210397, 210147, 209896, 209644, 209391, 209138, 208885, 208631, 208377, 208122, 207868, 207614, 207360, 207107, 206854, 206602, 206350, 206100, 205850, 205602, 205355, 205110, 204866, 204624, 204384, 204146, 203911, 203678, 203447, 203220, 202995, 202773, 202555, 202340, 202129, 201922, 201720, 201521, 201327, 201138, 200954, 200775, 200601, 200434, 200273, 200118, 199969, 199828, 199694, 199568, 199450, 199340, 199239, 199147, 199065, 198993, 198932, 198882, 198843, 198817, 198804, 
218591, 218441, 218287, 218131, 217971, 217807, 217641, 217471, 217299, 217123, 216944, 216762, 216576, 216388, 216197, 216003, 215806, 215606, 215403, 215198, 214989, 214779, 214565, 214349, 214131, 213910, 213687, 213462, 213234, 213005, 212773, 212539, 212304, 212067, 211828, 211587, 211346, 211102, 210858, 210612, 210365, 210117, 209868, 209619, 209369, 209118, 208867, 208616, 208364, 208113, 207861, 207610, 207359, 207108, 206858, 206609, 206361, 206113, 205867, 205622, 205378, 205136, 204896, 204658, 204421, 204187, 203955, 203726, 203500, 203276, 203055, 202838, 202624, 202414, 202208, 202005, 201807, 201614, 201425, 201241, 201063, 200890, 200723, 200562, 200407, 200259, 200118, 199984, 199858, 199740, 199630, 199529, 199437, 199355, 199284, 199222, 199172, 199134, 199108, 199094, 
218663, 218516, 218366, 218212, 218056, 217896, 217733, 217567, 217397, 217225, 217049, 216871, 216689, 216505, 216317, 216127, 215933, 215737, 215538, 215336, 215132, 214925, 214715, 214503, 214288, 214071, 213852, 213630, 213407, 213181, 212953, 212723, 212491, 212257, 212022, 211785, 211546, 211306, 211065, 210823, 210579, 210335, 210089, 209843, 209596, 209348, 209100, 208851, 208602, 208353, 208105, 207856, 207607, 207359, 207111, 206864, 206618, 206373, 206129, 205885, 205644, 205403, 205165, 204928, 204693, 204461, 204230, 204002, 203777, 203554, 203335, 203119, 202906, 202696, 202491, 202289, 202092, 201899, 201711, 201528, 201350, 201177, 201011, 200850, 200695, 200548, 200407, 200273, 200147, 200029, 199920, 199819, 199727, 199646, 199574, 199513, 199463, 199424, 199398, 199385, 
218734, 218590, 218443, 218292, 218139, 217982, 217822, 217660, 217494, 217325, 217153, 216978, 216800, 216619, 216435, 216248, 216058, 215865, 215670, 215472, 215271, 215068, 214862, 214653, 214442, 214229, 214013, 213795, 213575, 213353, 213128, 212902, 212674, 212444, 212212, 211978, 211743, 211507, 211269, 211030, 210789, 210548, 210305, 210062, 209818, 209573, 209328, 209082, 208836, 208590, 208344, 208098, 207852, 207606, 207361, 207116, 206872, 206629, 206387, 206146, 205906, 205667, 205430, 205195, 204962, 204731, 204502, 204276, 204052, 203830, 203612, 203397, 203185, 202977, 202772, 202571, 202375, 202183, 201995, 201813, 201636, 201464, 201297, 201137, 200983, 200836, 200695, 200562, 200436, 200318, 200209, 200109, 200017, 199935, 199864, 199803, 199753, 199714, 199688, 199675, 
218802, 218661, 218517, 218370, 218220, 218066, 217910, 217750, 217588, 217422, 217253, 217082, 216907, 216730, 216549, 216366, 216180, 215991, 215799, 215604, 215407, 215207, 215005, 214800, 214593, 214383, 214171, 213956, 213740, 213521, 213300, 213077, 212853, 212626, 212398, 212168, 211936, 211703, 211468, 211232, 210995, 210757, 210518, 210278, 210037, 209795, 209553, 209310, 209067, 208823, 208580, 208336, 208092, 207849, 207606, 207364, 207122, 206881, 206641, 206402, 206164, 205928, 205693, 205460, 205228, 204999, 204771, 204546, 204324, 204104, 203887, 203673, 203462, 203255, 203051, 202852, 202656, 202465, 202278, 202096, 201920, 201748, 201583, 201423, 201269, 201122, 200982, 200849, 200724, 200607, 200498, 200397, 200306, 200225, 200153, 200092, 200042, 200004, 199978, 199965, 
218869, 218731, 218590, 218446, 218298, 218148, 217995, 217839, 217679, 217517, 217351, 217183, 217012, 216838, 216661, 216481, 216298, 216113, 215924, 215733, 215540, 215344, 215145, 214944, 214740, 214534, 214325, 214114, 213901, 213686, 213469, 213249, 213028, 212805, 212580, 212353, 212125, 211895, 211664, 211431, 211197, 210962, 210726, 210489, 210251, 210012, 209773, 209533, 209293, 209052, 208811, 208570, 208329, 208089, 207848, 207608, 207369, 207130, 206892, 206655, 206420, 206185, 205952, 205721, 205491, 205263, 205037, 204814, 204593, 204374, 204159, 203946, 203737, 203531, 203328, 203129, 202935, 202745, 202559, 202378, 202202, 202031, 201866, 201707, 201554, 201408, 201268, 201136, 201011, 200894, 200785, 200685, 200595, 200513, 200442, 200381, 200332, 200293, 200267, 200254, 
218934, 218799, 218661, 218520, 218375, 218228, 218078, 217925, 217768, 217609, 217447, 217282, 217114, 216943, 216770, 216593, 216414, 216232, 216047, 215860, 215670, 215477, 215281, 215084, 214883, 214681, 214476, 214268, 214059, 213847, 213633, 213417, 213199, 212980, 212758, 212535, 212310, 212084, 211856, 211626, 211396, 211164, 210931, 210697, 210462, 210226, 209990, 209753, 209515, 209277, 209039, 208801, 208563, 208325, 208087, 207849, 207612, 207376, 207140, 206905, 206672, 206439, 206208, 205979, 205751, 205525, 205301, 205079, 204859, 204642, 204428, 204217, 204009, 203804, 203603, 203405, 203212, 203022, 202838, 202658, 202483, 202313, 202149, 201990, 201838, 201692, 201553, 201421, 201297, 201180, 201072, 200972, 200882, 200801, 200730, 200669, 200620, 200582, 200556, 200543, 
218998, 218865, 218730, 218592, 218450, 218306, 218159, 218009, 217856, 217700, 217541, 217379, 217214, 217047, 216876, 216703, 216527, 216348, 216167, 215983, 215796, 215607, 215415, 215221, 215024, 214825, 214623, 214419, 214213, 214005, 213794, 213582, 213367, 213151, 212933, 212713, 212491, 212268, 212044, 211817, 211590, 211361, 211131, 210901, 210669, 210436, 210203, 209968, 209734, 209499, 209263, 209028, 208792, 208557, 208321, 208086, 207852, 207618, 207384, 207152, 206920, 206690, 206461, 206233, 206007, 205783, 205561, 205341, 205123, 204908, 204695, 204485, 204278, 204075, 203875, 203679, 203486, 203298, 203115, 202936, 202761, 202593, 202429, 202272, 202120, 201975, 201837, 201705, 201581, 201465, 201358, 201258, 201168, 201088, 201017, 200957, 200907, 200869, 200844, 200830, 
219060, 218930, 218797, 218662, 218524, 218382, 218238, 218091, 217941, 217788, 217632, 217473, 217312, 217147, 216980, 216810, 216638, 216462, 216284, 216103, 215920, 215734, 215546, 215355, 215161, 214965, 214767, 214567, 214364, 214159, 213952, 213743, 213532, 213319, 213104, 212888, 212669, 212449, 212228, 212005, 211781, 211555, 211328, 211101, 210872, 210642, 210412, 210181, 209949, 209717, 209484, 209251, 209018, 208785, 208552, 208320, 208088, 207856, 207625, 207395, 207166, 206937, 206710, 206485, 206261, 206039, 205818, 205600, 205384, 205170, 204959, 204751, 204545, 204343, 204145, 203950, 203759, 203572, 203389, 203211, 203038, 202870, 202708, 202551, 202400, 202256, 202118, 201988, 201865, 201749, 201642, 201543, 201453, 201373, 201303, 201243, 201194, 201156, 201130, 201117, 
219120, 218993, 218863, 218731, 218595, 218456, 218315, 218171, 218024, 217874, 217721, 217565, 217407, 217246, 217082, 216915, 216745, 216573, 216398, 216221, 216041, 215858, 215673, 215485, 215295, 215103, 214908, 214711, 214512, 214310, 214106, 213901, 213693, 213483, 213272, 213058, 212843, 212627, 212409, 212189, 211968, 211745, 211522, 211297, 211071, 210845, 210617, 210389, 210160, 209931, 209701, 209471, 209241, 209010, 208780, 208550, 208320, 208091, 207862, 207635, 207408, 207182, 206957, 206733, 206511, 206291, 206072, 205856, 205642, 205430, 205220, 205014, 204810, 204609, 204412, 204219, 204029, 203843, 203662, 203485, 203313, 203146, 202985, 202829, 202679, 202535, 202399, 202269, 202146, 202031, 201925, 201826, 201737, 201657, 201587, 201527, 201479, 201441, 201416, 201402, 
219179, 219055, 218928, 218797, 218665, 218529, 218390, 218249, 218105, 217958, 217808, 217655, 217500, 217342, 217181, 217017, 216851, 216682, 216510, 216336, 216159, 215980, 215798, 215613, 215427, 215237, 215046, 214852, 214656, 214458, 214258, 214055, 213851, 213644, 213436, 213226, 213014, 212801, 212586, 212369, 212151, 211932, 211712, 211490, 211267, 211044, 210819, 210594, 210368, 210141, 209914, 209687, 209459, 209232, 209004, 208777, 208549, 208323, 208097, 207871, 207646, 207422, 207200, 206979, 206759, 206540, 206324, 206109, 205897, 205687, 205479, 205274, 205072, 204873, 204677, 204485, 204297, 204112, 203932, 203756, 203586, 203420, 203259, 203105, 202956, 202813, 202677, 202548, 202426, 202312, 202206, 202108, 202019, 201940, 201870, 201811, 201762, 201725, 201700, 201687, 
219237, 219115, 218990, 218863, 218732, 218599, 218464, 218325, 218184, 218039, 217893, 217743, 217590, 217435, 217277, 217117, 216954, 216788, 216619, 216448, 216275, 216098, 215920, 215739, 215555, 215369, 215181, 214990, 214798, 214603, 214405, 214206, 214005, 213802, 213597, 213390, 213182, 212971, 212760, 212546, 212331, 212115, 211898, 211679, 211460, 211239, 211017, 210795, 210572, 210348, 210124, 209899, 209675, 209450, 209225, 209000, 208775, 208551, 208327, 208104, 207882, 207660, 207440, 207221, 207003, 206787, 206572, 206359, 206149, 205940, 205735, 205531, 205331, 205133, 204939, 204749, 204562, 204379, 204200, 204026, 203856, 203691, 203532, 203378, 203230, 203089, 202954, 202825, 202704, 202591, 202485, 202388, 202300, 202221, 202152, 202093, 202045, 202008, 201982, 201969, 
219293, 219174, 219051, 218926, 218799, 218668, 218535, 218399, 218261, 218119, 217975, 217829, 217679, 217527, 217372, 217214, 217054, 216891, 216726, 216558, 216387, 216214, 216039, 215861, 215681, 215498, 215313, 215125, 214936, 214744, 214550, 214354, 214156, 213957, 213755, 213551, 213346, 213139, 212930, 212720, 212508, 212295, 212081, 211865, 211648, 211431, 211212, 210993, 210773, 210552, 210330, 210109, 209887, 209664, 209442, 209220, 208998, 208776, 208555, 208334, 208114, 207895, 207676, 207460, 207244, 207030, 206817, 206607, 206398, 206192, 205987, 205786, 205587, 205392, 205199, 205010, 204825, 204643, 204466, 204293, 204124, 203961, 203803, 203650, 203503, 203362, 203228, 203101, 202980, 202868, 202763, 202667, 202579, 202501, 202432, 202373, 202325, 202288, 202263, 202250, 
219348, 219231, 219111, 218989, 218864, 218736, 218605, 218472, 218336, 218198, 218056, 217912, 217766, 217616, 217464, 217310, 217153, 216993, 216830, 216665, 216498, 216328, 216156, 215981, 215803, 215624, 215442, 215258, 215071, 214883, 214692, 214499, 214305, 214108, 213909, 213709, 213507, 213303, 213097, 212890, 212681, 212471, 212260, 212048, 211834, 211619, 211404, 211187, 210970, 210752, 210533, 210314, 210095, 209875, 209656, 209436, 209217, 208997, 208779, 208560, 208343, 208126, 207910, 207695, 207482, 207270, 207059, 206851, 206644, 206440, 206238, 206038, 205841, 205647, 205456, 205269, 205085, 204905, 204729, 204557, 204390, 204228, 204071, 203919, 203774, 203634, 203501, 203374, 203255, 203143, 203039, 202943, 202856, 202778, 202710, 202652, 202604, 202568, 202543, 202530, 
219401, 219287, 219169, 219049, 218927, 218802, 218674, 218543, 218410, 218274, 218135, 217994, 217850, 217704, 217555, 217403, 217249, 217092, 216932, 216770, 216606, 216439, 216270, 216098, 215924, 215747, 215568, 215387, 215204, 215019, 214831, 214641, 214450, 214256, 214061, 213863, 213664, 213463, 213261, 213057, 212851, 212645, 212436, 212227, 212016, 211804, 211592, 211378, 211164, 210948, 210733, 210517, 210300, 210083, 209866, 209649, 209432, 209216, 208999, 208783, 208568, 208354, 208140, 207928, 207717, 207507, 207299, 207092, 206887, 206685, 206485, 206287, 206092, 205899, 205710, 205524, 205342, 205164, 204989, 204819, 204653, 204493, 204337, 204187, 204042, 203903, 203771, 203646, 203527, 203416, 203313, 203218, 203131, 203054, 202986, 202929, 202881, 202845, 202820, 202807, 
219454, 219341, 219226, 219109, 218989, 218866, 218740, 218612, 218482, 218348, 218212, 218074, 217933, 217789, 217643, 217494, 217342, 217188, 217032, 216873, 216711, 216547, 216381, 216212, 216041, 215868, 215692, 215514, 215334, 215151, 214967, 214780, 214592, 214401, 214209, 214015, 213819, 213621, 213422, 213221, 213018, 212814, 212609, 212403, 212195, 211986, 211776, 211566, 211354, 211142, 210929, 210715, 210502, 210288, 210073, 209859, 209645, 209431, 209217, 209003, 208791, 208579, 208367, 208157, 207948, 207741, 207535, 207330, 207128, 206927, 206729, 206533, 206340, 206149, 205962, 205778, 205597, 205420, 205247, 205079, 204914, 204755, 204600, 204451, 204308, 204170, 204039, 203915, 203797, 203687, 203585, 203490, 203405, 203328, 203261, 203203, 203156, 203120, 203096, 203083, 
219505, 219395, 219282, 219167, 219049, 218929, 218806, 218680, 218552, 218421, 218288, 218152, 218014, 217872, 217729, 217583, 217434, 217283, 217129, 216973, 216815, 216654, 216490, 216324, 216156, 215986, 215813, 215638, 215461, 215282, 215100, 214917, 214731, 214544, 214354, 214163, 213970, 213776, 213579, 213381, 213182, 212981, 212779, 212575, 212371, 212165, 211958, 211750, 211541, 211332, 211122, 210911, 210700, 210489, 210277, 210065, 209854, 209642, 209431, 209220, 209010, 208800, 208591, 208384, 208177, 207972, 207768, 207565, 207365, 207167, 206970, 206776, 206585, 206396, 206211, 206028, 205849, 205674, 205503, 205335, 205173, 205015, 204862, 204714, 204572, 204435, 204305, 204182, 204065, 203956, 203854, 203761, 203676, 203600, 203533, 203476, 203430, 203394, 203369, 203357, 
219555, 219447, 219336, 219223, 219108, 218990, 218869, 218746, 218620, 218492, 218362, 218228, 218092, 217954, 217813, 217670, 217524, 217375, 217225, 217071, 216915, 216757, 216597, 216434, 216269, 216101, 215931, 215759, 215585, 215409, 215231, 215050, 214868, 214683, 214497, 214309, 214119, 213927, 213734, 213539, 213342, 213145, 212945, 212745, 212543, 212340, 212136, 211931, 211725, 211519, 211311, 211104, 210895, 210687, 210478, 210269, 210060, 209851, 209642, 209434, 209226, 209019, 208812, 208607, 208403, 208199, 207998, 207798, 207599, 207403, 207209, 207017, 206827, 206641, 206457, 206276, 206099, 205925, 205755, 205590, 205429, 205272, 205120, 204974, 204833, 204698, 204569, 204446, 204331, 204223, 204122, 204029, 203945, 203869, 203803, 203747, 203701, 203665, 203641, 203629, 
219603, 219497, 219389, 219279, 219165, 219050, 218931, 218811, 218688, 218562, 218434, 218303, 218169, 218034, 217895, 217755, 217612, 217466, 217318, 217167, 217014, 216859, 216701, 216541, 216379, 216214, 216047, 215878, 215707, 215534, 215358, 215181, 215001, 214820, 214637, 214451, 214265, 214076, 213885, 213694, 213500, 213305, 213109, 212911, 212712, 212512, 212311, 212109, 211906, 211702, 211498, 211293, 211087, 210881, 210675, 210469, 210262, 210056, 209850, 209644, 209439, 209234, 209030, 208827, 208625, 208424, 208225, 208027, 207831, 207636, 207444, 207254, 207067, 206882, 206700, 206521, 206346, 206174, 206006, 205842, 205682, 205527, 205376, 205231, 205092, 204958, 204830, 204709, 204594, 204487, 204387, 204295, 204212, 204137, 204071, 204015, 203969, 203934, 203910, 203898, 
219651, 219547, 219441, 219333, 219222, 219108, 218992, 218874, 218753, 218630, 218504, 218376, 218245, 218112, 217976, 217838, 217697, 217554, 217409, 217261, 217111, 216958, 216803, 216646, 216487, 216325, 216161, 215995, 215826, 215656, 215484, 215309, 215132, 214954, 214774, 214591, 214407, 214222, 214034, 213845, 213655, 213463, 213269, 213075, 212879, 212681, 212483, 212284, 212084, 211883, 211681, 211479, 211276, 211073, 210869, 210666, 210462, 210258, 210055, 209851, 209649, 209446, 209245, 209044, 208844, 208646, 208449, 208253, 208059, 207867, 207677, 207489, 207303, 207120, 206940, 206763, 206590, 206420, 206253, 206091, 205932, 205779, 205630, 205486, 205348, 205215, 205089, 204969, 204855, 204749, 204650, 204559, 204476, 204402, 204337, 204281, 204236, 204201, 204178, 204165, 
219697, 219596, 219492, 219385, 219277, 219165, 219052, 218936, 218817, 218696, 218573, 218447, 218319, 218188, 218055, 217919, 217781, 217641, 217498, 217353, 217205, 217056, 216903, 216749, 216592, 216433, 216272, 216109, 215943, 215776, 215606, 215434, 215261, 215085, 214908, 214728, 214547, 214365, 214180, 213994, 213806, 213617, 213427, 213235, 213042, 212848, 212652, 212456, 212259, 212060, 211862, 211662, 211462, 211261, 211061, 210860, 210658, 210457, 210256, 210056, 209855, 209655, 209456, 209258, 209061, 208865, 208670, 208476, 208284, 208094, 207906, 207721, 207537, 207356, 207178, 207003, 206831, 206663, 206498, 206337, 206180, 206028, 205881, 205739, 205602, 205470, 205345, 205226, 205114, 205008, 204910, 204820, 204738, 204665, 204600, 204545, 204500, 204466, 204442, 204430, 
219743, 219643, 219541, 219437, 219330, 219221, 219110, 218996, 218880, 218761, 218640, 218516, 218391, 218262, 218132, 217999, 217863, 217725, 217585, 217443, 217298, 217151, 217001, 216850, 216696, 216539, 216381, 216220, 216058, 215893, 215726, 215557, 215387, 215214, 215039, 214863, 214685, 214505, 214323, 214140, 213955, 213769, 213581, 213392, 213202, 213011, 212818, 212625, 212430, 212235, 212039, 211842, 211645, 211447, 211249, 211050, 210852, 210653, 210455, 210257, 210059, 209862, 209665, 209469, 209274, 209080, 208888, 208696, 208507, 208319, 208133, 207949, 207768, 207589, 207413, 207240, 207069, 206903, 206740, 206581, 206426, 206275, 206129, 205989, 205853, 205723, 205599, 205481, 205370, 205265, 205168, 205079, 204998, 204925, 204861, 204807, 204762, 204728, 204705, 204693, 
219787, 219689, 219590, 219487, 219383, 219276, 219166, 219055, 218941, 218824, 218706, 218585, 218461, 218335, 218207, 218076, 217943, 217808, 217671, 217531, 217388, 217244, 217097, 216948, 216797, 216643, 216488, 216330, 216170, 216008, 215844, 215678, 215510, 215340, 215168, 214995, 214819, 214642, 214464, 214283, 214101, 213918, 213733, 213547, 213360, 213171, 212981, 212791, 212599, 212406, 212213, 212019, 211824, 211629, 211434, 211238, 211042, 210846, 210650, 210455, 210259, 210065, 209870, 209677, 209484, 209293, 209103, 208914, 208726, 208541, 208357, 208175, 207996, 207819, 207645, 207473, 207305, 207140, 206979, 206822, 206668, 206519, 206375, 206236, 206101, 205973, 205850, 205733, 205623, 205520, 205424, 205335, 205255, 205183, 205120, 205066, 205022, 204988, 204965, 204953, 
219830, 219735, 219637, 219537, 219434, 219329, 219222, 219112, 219001, 218886, 218770, 218651, 218530, 218406, 218281, 218152, 218022, 217889, 217754, 217617, 217477, 217335, 217191, 217044, 216896, 216745, 216592, 216437, 216280, 216121, 215959, 215796, 215631, 215464, 215295, 215124, 214952, 214777, 214601, 214424, 214245, 214064, 213882, 213699, 213514, 213329, 213142, 212954, 212765, 212575, 212384, 212193, 212001, 211809, 211616, 211423, 211229, 211036, 210843, 210650, 210457, 210265, 210073, 209882, 209692, 209503, 209315, 209128, 208943, 208759, 208578, 208398, 208221, 208046, 207874, 207704, 207538, 207375, 207216, 207060, 206908, 206761, 206618, 206480, 206347, 206220, 206099, 205983, 205874, 205772, 205677, 205589, 205510, 205438, 205376, 205323, 205279, 205246, 205223, 205211, 
219873, 219779, 219683, 219585, 219484, 219381, 219276, 219169, 219059, 218947, 218833, 218716, 218597, 218476, 218353, 218227, 218099, 217968, 217836, 217701, 217564, 217424, 217283, 217139, 216993, 216845, 216694, 216542, 216387, 216231, 216072, 215912, 215749, 215585, 215419, 215251, 215081, 214910, 214736, 214562, 214385, 214208, 214029, 213848, 213666, 213483, 213299, 213114, 212928, 212741, 212553, 212364, 212175, 211985, 211795, 211605, 211414, 211223, 211032, 210842, 210652, 210462, 210272, 210084, 209896, 209709, 209524, 209339, 209156, 208975, 208796, 208618, 208443, 208270, 208100, 207932, 207768, 207607, 207449, 207295, 207145, 207000, 206858, 206722, 206591, 206465, 206344, 206230, 206122, 206021, 205927, 205841, 205762, 205691, 205629, 205577, 205534, 205500, 205478, 205466, 
219914, 219822, 219728, 219632, 219533, 219432, 219329, 219224, 219116, 219006, 218894, 218780, 218663, 218544, 218423, 218300, 218174, 218046, 217916, 217783, 217648, 217512, 217372, 217231, 217088, 216942, 216794, 216645, 216493, 216339, 216183, 216025, 215866, 215704, 215540, 215375, 215208, 215039, 214869, 214697, 214524, 214349, 214172, 213994, 213815, 213635, 213454, 213271, 213088, 212903, 212718, 212532, 212346, 212159, 211971, 211783, 211595, 211407, 211219, 211031, 210843, 210656, 210469, 210283, 210098, 209913, 209730, 209548, 209367, 209188, 209011, 208835, 208662, 208492, 208323, 208158, 207995, 207836, 207680, 207528, 207380, 207235, 207096, 206961, 206831, 206707, 206588, 206475, 206368, 206268, 206175, 206089, 206011, 205942, 205880, 205828, 205786, 205753, 205730, 205719, 
219955, 219865, 219772, 219678, 219581, 219482, 219381, 219278, 219172, 219065, 218955, 218842, 218728, 218611, 218492, 218371, 218247, 218122, 217994, 217864, 217731, 217597, 217460, 217322, 217181, 217038, 216892, 216745, 216596, 216445, 216292, 216136, 215979, 215820, 215660, 215497, 215333, 215167, 214999, 214830, 214659, 214487, 214313, 214138, 213962, 213784, 213606, 213426, 213245, 213063, 212881, 212698, 212514, 212329, 212145, 211959, 211774, 211588, 211403, 211217, 211032, 210847, 210663, 210479, 210296, 210114, 209933, 209753, 209575, 209398, 209223, 209050, 208879, 208710, 208544, 208380, 208220, 208062, 207908, 207758, 207611, 207469, 207331, 207197, 207069, 206946, 206828, 206716, 206611, 206512, 206420, 206335, 206258, 206189, 206129, 206077, 206035, 206003, 205980, 205969, 
219995, 219906, 219816, 219723, 219628, 219531, 219432, 219331, 219227, 219121, 219013, 218903, 218791, 218676, 218560, 218441, 218319, 218196, 218070, 217943, 217813, 217681, 217547, 217410, 217272, 217131, 216989, 216844, 216697, 216549, 216398, 216245, 216091, 215935, 215777, 215617, 215455, 215292, 215127, 214960, 214792, 214623, 214452, 214279, 214106, 213931, 213755, 213578, 213400, 213221, 213041, 212860, 212679, 212497, 212315, 212132, 211950, 211767, 211584, 211401, 211218, 211035, 210853, 210672, 210492, 210312, 210133, 209956, 209780, 209605, 209432, 209261, 209092, 208926, 208761, 208600, 208441, 208286, 208133, 207985, 207840, 207699, 207563, 207431, 207304, 207182, 207066, 206955, 206851, 206753, 206662, 206579, 206502, 206434, 206374, 206323, 206282, 206250, 206228, 206217, 
220033, 219947, 219858, 219767, 219674, 219579, 219482, 219382, 219281, 219177, 219071, 218963, 218853, 218740, 218626, 218509, 218390, 218269, 218145, 218020, 217892, 217763, 217631, 217497, 217361, 217223, 217083, 216941, 216796, 216650, 216502, 216352, 216200, 216047, 215891, 215734, 215575, 215414, 215252, 215088, 214923, 214756, 214587, 214418, 214247, 214075, 213901, 213727, 213552, 213375, 213198, 213020, 212842, 212662, 212483, 212303, 212122, 211942, 211761, 211581, 211401, 211221, 211041, 210862, 210684, 210507, 210331, 210155, 209982, 209809, 209639, 209470, 209303, 209138, 208976, 208817, 208660, 208506, 208356, 208209, 208066, 207927, 207792, 207662, 207536, 207416, 207301, 207192, 207089, 206992, 206902, 206819, 206744, 206677, 206617, 206567, 206526, 206494, 206472, 206461, 
220071, 219986, 219899, 219810, 219719, 219626, 219530, 219433, 219333, 219231, 219127, 219021, 218913, 218803, 218690, 218576, 218459, 218340, 218219, 218096, 217970, 217843, 217714, 217582, 217448, 217313, 217175, 217035, 216894, 216750, 216604, 216457, 216308, 216157, 216004, 215849, 215693, 215534, 215375, 215214, 215051, 214886, 214721, 214554, 214386, 214216, 214045, 213874, 213701, 213527, 213353, 213177, 213001, 212825, 212648, 212470, 212293, 212115, 211937, 211759, 211581, 211403, 211226, 211050, 210874, 210699, 210525, 210352, 210181, 210011, 209842, 209675, 209511, 209348, 209188, 209030, 208876, 208724, 208575, 208430, 208289, 208151, 208018, 207890, 207766, 207647, 207533, 207425, 207323, 207228, 207139, 207057, 206983, 206916, 206858, 206808, 206767, 206736, 206714, 206703, 
220108, 220025, 219940, 219852, 219763, 219671, 219578, 219482, 219384, 219284, 219182, 219078, 218972, 218864, 218753, 218641, 218526, 218410, 218291, 218170, 218047, 217922, 217794, 217665, 217534, 217401, 217265, 217128, 216989, 216848, 216705, 216560, 216413, 216264, 216114, 215962, 215808, 215652, 215495, 215337, 215176, 215015, 214852, 214687, 214522, 214355, 214187, 214018, 213847, 213676, 213504, 213332, 213158, 212984, 212810, 212635, 212460, 212285, 212109, 211934, 211758, 211583, 211409, 211235, 211061, 210889, 210717, 210546, 210377, 210209, 210043, 209878, 209716, 209555, 209397, 209242, 209089, 208939, 208792, 208649, 208509, 208373, 208242, 208115, 207992, 207875, 207763, 207656, 207556, 207461, 207373, 207292, 207219, 207153, 207095, 207046, 207006, 206975, 206954, 206943, 
220145, 220063, 219979, 219894, 219806, 219716, 219624, 219530, 219434, 219336, 219236, 219134, 219030, 218924, 218815, 218705, 218592, 218478, 218361, 218242, 218122, 217999, 217874, 217747, 217618, 217487, 217354, 217219, 217082, 216943, 216803, 216660, 216516, 216370, 216222, 216072, 215921, 215768, 215614, 215457, 215300, 215141, 214980, 214819, 214655, 214491, 214326, 214159, 213992, 213823, 213654, 213484, 213313, 213141, 212969, 212797, 212624, 212452, 212279, 212106, 211933, 211760, 211588, 211416, 211245, 211075, 210906, 210737, 210570, 210405, 210241, 210078, 209918, 209759, 209603, 209450, 209299, 209151, 209006, 208865, 208727, 208593, 208463, 208337, 208216, 208100, 207989, 207884, 207785, 207691, 207605, 207525, 207452, 207387, 207330, 207281, 207242, 207211, 207190, 207180, 
220180, 220100, 220018, 219934, 219848, 219760, 219670, 219578, 219483, 219387, 219289, 219189, 219087, 218982, 218876, 218768, 218657, 218545, 218430, 218313, 218195, 218074, 217951, 217827, 217700, 217571, 217441, 217308, 217174, 217037, 216899, 216759, 216617, 216473, 216328, 216181, 216032, 215882, 215730, 215576, 215421, 215264, 215107, 214947, 214787, 214625, 214462, 214298, 214133, 213967, 213800, 213633, 213465, 213296, 213126, 212957, 212786, 212616, 212446, 212275, 212105, 211935, 211765, 211595, 211427, 211259, 211092, 210926, 210761, 210598, 210436, 210275, 210117, 209961, 209807, 209655, 209506, 209360, 209217, 209077, 208941, 208809, 208681, 208557, 208437, 208323, 208213, 208109, 208011, 207919, 207833, 207754, 207683, 207618, 207562, 207514, 207475, 207445, 207424, 207413, 
220215, 220136, 220056, 219973, 219889, 219803, 219714, 219624, 219532, 219437, 219341, 219242, 219142, 219040, 218935, 218829, 218720, 218610, 218497, 218383, 218266, 218148, 218027, 217905, 217780, 217654, 217526, 217396, 217263, 217129, 216993, 216856, 216716, 216575, 216432, 216287, 216141, 215993, 215844, 215692, 215540, 215386, 215231, 215074, 214916, 214757, 214596, 214435, 214272, 214109, 213945, 213780, 213614, 213448, 213281, 213113, 212946, 212778, 212610, 212442, 212274, 212106, 211939, 211772, 211605, 211440, 211275, 211111, 210949, 210788, 210628, 210470, 210313, 210159, 210007, 209858, 209711, 209567, 209425, 209288, 209153, 209022, 208896, 208773, 208656, 208542, 208434, 208332, 208235, 208144, 208059, 207981, 207910, 207847, 207791, 207744, 207705, 207675, 207655, 207644, 
220249, 220172, 220093, 220012, 219929, 219844, 219758, 219669, 219579, 219486, 219391, 219295, 219196, 219096, 218993, 218889, 218782, 218674, 218564, 218451, 218337, 218220, 218102, 217982, 217859, 217735, 217609, 217481, 217351, 217220, 217086, 216951, 216814, 216675, 216534, 216392, 216248, 216102, 215955, 215807, 215657, 215505, 215352, 215198, 215042, 214886, 214728, 214569, 214409, 214248, 214086, 213924, 213761, 213597, 213432, 213268, 213102, 212937, 212771, 212606, 212440, 212275, 212110, 211945, 211781, 211618, 211456, 211294, 211134, 210975, 210817, 210661, 210507, 210355, 210205, 210057, 209912, 209770, 209631, 209495, 209362, 209233, 209108, 208987, 208871, 208759, 208653, 208551, 208456, 208366, 208282, 208205, 208135, 208073, 208018, 207971, 207933, 207903, 207883, 207873, 
220282, 220207, 220129, 220050, 219969, 219886, 219800, 219713, 219625, 219534, 219441, 219346, 219250, 219151, 219050, 218948, 218843, 218737, 218628, 218518, 218406, 218291, 218175, 218057, 217937, 217815, 217691, 217565, 217437, 217308, 217177, 217044, 216909, 216772, 216634, 216494, 216353, 216210, 216065, 215919, 215771, 215622, 215472, 215320, 215167, 215013, 214857, 214701, 214543, 214385, 214226, 214066, 213905, 213744, 213582, 213419, 213257, 213094, 212930, 212767, 212604, 212441, 212279, 212116, 211955, 211794, 211633, 211474, 211316, 211159, 211004, 210850, 210698, 210548, 210400, 210254, 210111, 209971, 209834, 209699, 209568, 209441, 209318, 209199, 209084, 208973, 208868, 208768, 208674, 208585, 208503, 208427, 208358, 208296, 208242, 208195, 208157, 208128, 208108, 208098, 
