302.079, 301.074, 300.556, 300.287, 300.149, 300.077, 300.04, 300.021, 300.011, 300.006, 300.003, 300.001, 300.001, 300, 300, 300, 300, 300, 300, 300, 300, 300, 300, 300, 300, 300, 300, 300, 300, 300, 300, 300, 300, 300, 300, 300, 300, 300, 300, 300, 300, 300, 300, 300, 300, 300, 300, 300, 300, 300, 300, 300, 300, 300, 300, 300, 300, 300, 300, 300, 300, 300, 300, 300, 300, 300, 300, 300, 300, 300, 300, 300, 300, 300, 300, 300, 300, 300, 300, 300, 300, 300, 300, 300, 300, 300, 300, 300, 300, 300, 300, 300, 300, 300, 300, 300, 300, 300, 300, 300, 
309.401, 307.883, 306.529, 305.34, 304.313, 303.441, 302.713, 302.113, 301.626, 301.238, 300.932, 300.694, 300.512, 300.374, 300.27, 300.194, 300.138, 300.097, 300.068, 300.047, 300.032, 300.022, 300.015, 300.01, 300.007, 300.005, 300.003, 300.002, 300.001, 300.001, 300.001, 300, 300, 300, 300, 300, 300, 300, 300, 300, 300, 300, 300, 300, 300, 300, 300, 300, 300, 300, 300, 300, 300, 300, 300, 300, 300, 300, 300, 300, 300, 300, 300, 300, 300, 300, 300, 300, 300, 300, 300, 300, 300, 300, 300, 300, 300, 300, 300, 300, 300, 300, 300, 300, 300, 300, 300, 300, 300, 300, 300, 300, 300, 300, 300, 300, 300, 300, 300, 300, 
313.036, 311.589, 310.234, 308.977, 307.82, 306.766, 305.812, 304.958, 304.199, 303.532, 302.949, 302.445, 302.013, 301.646, 301.336, 301.077, 300.863, 300.686, 300.542, 300.425, 300.332, 300.257, 300.198, 300.152, 300.115, 300.087, 300.066, 300.049, 300.036, 300.027, 300.02, 300.015, 300.011, 300.008, 300.006, 300.004, 300.003, 300.002, 300.001, 300.001, 300.001, 300, 300, 300, 300, 300, 300, 300, 300, 300, 300, 300, 300, 300, 300, 300, 300, 300, 300, 300, 300, 300, 300, 300, 300, 300, 300, 300, 300, 300, 300, 300, 300, 300, 300, 300, 300, 300, 300, 300, 300, 300, 300, 300, 300, 300, 300, 300, 300, 300, 300, 300, 300, 300, 300, 300, 300, 300, 300, 300, 
315.697, 314.324, 313.013, 311.768, 310.592, 309.489, 308.46, 307.506, 306.627, 305.822, 305.09, 304.427, 303.831, 303.299, 302.826, 302.409, 302.043, 301.723, 301.447, 301.208, 301.004, 300.83, 300.683, 300.559, 300.455, 300.369, 300.298, 300.239, 300.191, 300.152, 300.12, 300.095, 300.074, 300.058, 300.045, 300.035, 300.027, 300.021, 300.016, 300.012, 300.009, 300.007, 300.005, 300.004, 300.003, 300.002, 300.002, 300.001, 300.001, 300.001, 300, 300, 300, 300, 300, 300, 300, 300, 300, 300, 300, 300, 300, 300, 300, 300, 300, 300, 300, 300, 300, 300, 300, 300, 300, 300, 300, 300, 300, 300, 300, 300, 300, 300, 300, 300, 300, 300, 300, 300, 300, 300, 300, 300, 300, 300, 300, 300, 300, 300, 
317.842, 316.537, 315.276, 314.062, 312.9, 311.791, 310.739, 309.745, 308.81, 307.935, 307.12, 306.364, 305.667, 305.026, 304.441, 303.908, 303.426, 302.991, 302.601, 302.253, 301.943, 301.67, 301.429, 301.218, 301.034, 300.875, 300.737, 300.618, 300.516, 300.43, 300.356, 300.294, 300.242, 300.198, 300.162, 300.132, 300.107, 300.086, 300.069, 300.056, 300.044, 300.035, 300.028, 300.022, 300.017, 300.014, 300.011, 300.008, 300.006, 300.005, 300.004, 300.003, 300.002, 300.002, 300.001, 300.001, 300.001, 300.001, 300, 300, 300, 300, 300, 300, 300, 300, 300, 300, 300, 300, 300, 300, 300, 300, 300, 300, 300, 300, 300, 300, 300, 300, 300, 300, 300, 300, 300, 300, 300, 300, 300, 300, 300, 300, 300, 300, 300, 300, 300, 300, 
319.654, 318.411, 317.2, 316.023, 314.886, 313.79, 312.737, 311.731, 310.772, 309.861, 309.001, 308.19, 307.429, 306.718, 306.056, 305.442, 304.874, 304.352, 303.873, 303.436, 303.038, 302.677, 302.352, 302.059, 301.797, 301.562, 301.354, 301.17, 301.008, 300.865, 300.74, 300.631, 300.536, 300.454, 300.383, 300.323, 300.271, 300.226, 300.189, 300.157, 300.13, 300.107, 300.088, 300.072, 300.059, 300.048, 300.039, 300.032, 300.026, 300.021, 300.017, 300.013, 300.011, 300.008, 300.007, 300.005, 300.004, 300.003, 300.003, 300.002, 300.002, 300.001, 300.001, 300.001, 300.001, 300, 300, 300, 300, 300, 300, 300, 300, 300, 300, 300, 300, 300, 300, 300, 300, 300, 300, 300, 300, 300, 300, 300, 300, 300, 300, 300, 300, 300, 300, 300, 300, 300, 300, 300, 
321.231, 320.043, 318.879, 317.741, 316.633, 315.558, 314.517, 313.512, 312.546, 311.621, 310.736, 309.893, 309.094, 308.337, 307.623, 306.952, 306.323, 305.735, 305.188, 304.681, 304.211, 303.778, 303.381, 303.016, 302.684, 302.381, 302.107, 301.859, 301.636, 301.435, 301.255, 301.095, 300.953, 300.826, 300.715, 300.617, 300.53, 300.455, 300.389, 300.332, 300.282, 300.239, 300.202, 300.171, 300.144, 300.12, 300.101, 300.084, 300.07, 300.058, 300.048, 300.04, 300.033, 300.027, 300.022, 300.018, 300.015, 300.012, 300.01, 300.008, 300.006, 300.005, 300.004, 300.003, 300.003, 300.002, 300.002, 300.001, 300.001, 300.001, 300.001, 300, 300, 300, 300, 300, 300, 300, 300, 300, 300, 300, 300, 300, 300, 300, 300, 300, 300, 300, 300, 300, 300, 300, 300, 300, 300, 300, 300, 300, 
322.628, 321.49, 320.371, 319.271, 318.195, 317.144, 316.12, 315.127, 314.164, 313.235, 312.34, 311.48, 310.657, 309.871, 309.122, 308.412, 307.739, 307.103, 306.505, 305.943, 305.417, 304.925, 304.468, 304.044, 303.651, 303.288, 302.954, 302.648, 302.367, 302.112, 301.879, 301.667, 301.476, 301.304, 301.149, 301.009, 300.885, 300.774, 300.675, 300.587, 300.51, 300.441, 300.381, 300.328, 300.282, 300.242, 300.207, 300.176, 300.15, 300.127, 300.108, 300.091, 300.077, 300.065, 300.054, 300.045, 300.038, 300.032, 300.026, 300.022, 300.018, 300.015, 300.012, 300.01, 300.008, 300.007, 300.005, 300.004, 300.004, 300.003, 300.002, 300.002, 300.002, 300.001, 300.001, 300.001, 300.001, 300.001, 300, 300, 300, 300, 300, 300, 300, 300, 300, 300, 300, 300, 300, 300, 300, 300, 300, 300, 300, 300, 300, 300, 
323.883, 322.792, 321.714, 320.652, 319.608, 318.583, 317.58, 316.602, 315.649, 314.723, 313.827, 312.96, 312.124, 311.321, 310.55, 309.812, 309.108, 308.437, 307.8, 307.196, 306.626, 306.088, 305.582, 305.108, 304.664, 304.25, 303.864, 303.506, 303.174, 302.867, 302.585, 302.325, 302.087, 301.869, 301.67, 301.489, 301.325, 301.176, 301.042, 300.921, 300.812, 300.715, 300.627, 300.55, 300.481, 300.419, 300.365, 300.317, 300.274, 300.237, 300.205, 300.176, 300.151, 300.13, 300.111, 300.095, 300.081, 300.068, 300.058, 300.049, 300.041, 300.035, 300.029, 300.025, 300.021, 300.017, 300.014, 300.012, 300.01, 300.008, 300.007, 300.006, 300.005, 300.004, 300.003, 300.003, 300.002, 300.002, 300.001, 300.001, 300.001, 300.001, 300.001, 300, 300, 300, 300, 300, 300, 300, 300, 300, 300, 300, 300, 300, 300, 300, 300, 300, 
325.023, 323.975, 322.937, 321.91, 320.897, 319.899, 318.919, 317.959, 317.019, 316.103, 315.21, 314.343, 313.502, 312.689, 311.905, 311.149, 310.423, 309.728, 309.062, 308.427, 307.822, 307.247, 306.702, 306.187, 305.701, 305.243, 304.813, 304.409, 304.032, 303.68, 303.352, 303.048, 302.766, 302.505, 302.264, 302.043, 301.839, 301.653, 301.482, 301.327, 301.185, 301.057, 300.94, 300.835, 300.74, 300.654, 300.578, 300.509, 300.447, 300.392, 300.344, 300.3, 300.262, 300.228, 300.198, 300.172, 300.149, 300.128, 300.111, 300.095, 300.082, 300.07, 300.06, 300.051, 300.043, 300.037, 300.031, 300.027, 300.022, 300.019, 300.016, 300.013, 300.011, 300.009, 300.008, 300.007, 300.005, 300.005, 300.004, 300.003, 300.003, 300.002, 300.002, 300.001, 300.001, 300.001, 300.001, 300.001, 300.001, 300, 300, 300, 300, 300, 300, 300, 300, 300, 300, 300, 
326.067, 325.059, 324.057, 323.064, 322.082, 321.111, 320.155, 319.214, 318.291, 317.386, 316.502, 315.639, 314.799, 313.982, 313.191, 312.424, 311.684, 310.971, 310.284, 309.625, 308.994, 308.39, 307.814, 307.266, 306.745, 306.25, 305.782, 305.34, 304.924, 304.532, 304.164, 303.819, 303.497, 303.197, 302.917, 302.657, 302.415, 302.192, 301.986, 301.796, 301.621, 301.461, 301.314, 301.18, 301.058, 300.946, 300.845, 300.753, 300.67, 300.595, 300.528, 300.467, 300.413, 300.364, 300.32, 300.281, 300.247, 300.216, 300.189, 300.165, 300.143, 300.124, 300.108, 300.093, 300.081, 300.07, 300.06, 300.052, 300.044, 300.038, 300.032, 300.028, 300.024, 300.02, 300.017, 300.014, 300.012, 300.01, 300.009, 300.007, 300.006, 300.005, 300.004, 300.004, 300.003, 300.003, 300.002, 300.002, 300.001, 300.001, 300.001, 300.001, 300.001, 300.001, 300, 300, 300, 300, 300, 300, 
327.029, 326.058, 325.091, 324.131, 323.178, 322.234, 321.302, 320.382, 319.476, 318.585, 317.712, 316.857, 316.021, 315.205, 314.411, 313.639, 312.89, 312.165, 311.464, 310.788, 310.137, 309.511, 308.91, 308.335, 307.785, 307.26, 306.761, 306.286, 305.835, 305.409, 305.006, 304.625, 304.267, 303.93, 303.614, 303.318, 303.041, 302.783, 302.543, 302.32, 302.113, 301.921, 301.744, 301.58, 301.43, 301.291, 301.165, 301.048, 300.942, 300.846, 300.757, 300.677, 300.605, 300.539, 300.48, 300.426, 300.378, 300.335, 300.296, 300.261, 300.23, 300.202, 300.178, 300.156, 300.136, 300.119, 300.104, 300.09, 300.079, 300.068, 300.059, 300.051, 300.044, 300.038, 300.033, 300.028, 300.024, 300.021, 300.018, 300.015, 300.013, 300.011, 300.009, 300.008, 300.007, 300.006, 300.005, 300.004, 300.003, 300.003, 300.002, 300.002, 300.002, 300.001, 300.001, 300.001, 300.001, 300.001, 300.001, 300.001, 
327.92, 326.985, 326.051, 325.121, 324.197, 323.279, 322.37, 321.472, 320.584, 319.709, 318.849, 318.003, 317.175, 316.363, 315.57, 314.797, 314.044, 313.312, 312.601, 311.912, 311.246, 310.603, 309.984, 309.387, 308.814, 308.265, 307.739, 307.236, 306.757, 306.3, 305.866, 305.454, 305.063, 304.694, 304.345, 304.017, 303.707, 303.417, 303.144, 302.889, 302.651, 302.429, 302.222, 302.03, 301.851, 301.686, 301.533, 301.391, 301.261, 301.142, 301.032, 300.931, 300.839, 300.755, 300.678, 300.608, 300.544, 300.487, 300.434, 300.387, 300.344, 300.306, 300.271, 300.24, 300.213, 300.188, 300.166, 300.146, 300.128, 300.112, 300.098, 300.086, 300.075, 300.066, 300.057, 300.05, 300.043, 300.037, 300.032, 300.028, 300.024, 300.021, 300.018, 300.015, 300.013, 300.011, 300.01, 300.008, 300.007, 300.006, 300.005, 300.004, 300.004, 300.003, 300.003, 300.002, 300.002, 300.002, 300.002, 300.002, 
328.751, 327.847, 326.945, 326.044, 325.148, 324.256, 323.37, 322.493, 321.624, 320.766, 319.92, 319.086, 318.266, 317.461, 316.673, 315.901, 315.147, 314.411, 313.694, 312.998, 312.321, 311.666, 311.031, 310.418, 309.827, 309.257, 308.71, 308.184, 307.68, 307.197, 306.736, 306.297, 305.878, 305.48, 305.102, 304.743, 304.404, 304.084, 303.781, 303.497, 303.229, 302.978, 302.742, 302.522, 302.316, 302.123, 301.945, 301.778, 301.624, 301.481, 301.348, 301.226, 301.113, 301.009, 300.914, 300.826, 300.746, 300.673, 300.605, 300.544, 300.489, 300.438, 300.392, 300.35, 300.313, 300.279, 300.248, 300.22, 300.196, 300.173, 300.153, 300.135, 300.12, 300.105, 300.093, 300.081, 300.071, 300.063, 300.055, 300.048, 300.042, 300.036, 300.032, 300.027, 300.024, 300.021, 300.018, 300.015, 300.013, 300.012, 300.01, 300.009, 300.008, 300.007, 300.006, 300.005, 300.005, 300.004, 300.004, 300.004, 
329.527, 328.654, 327.781, 326.909, 326.038, 325.171, 324.309, 323.452, 322.603, 321.762, 320.931, 320.11, 319.301, 318.504, 317.722, 316.954, 316.201, 315.465, 314.746, 314.045, 313.361, 312.697, 312.052, 311.426, 310.82, 310.234, 309.669, 309.123, 308.599, 308.095, 307.611, 307.147, 306.703, 306.28, 305.875, 305.49, 305.124, 304.776, 304.446, 304.134, 303.839, 303.56, 303.297, 303.05, 302.818, 302.6, 302.396, 302.204, 302.026, 301.859, 301.704, 301.56, 301.426, 301.302, 301.187, 301.081, 300.983, 300.893, 300.81, 300.733, 300.663, 300.599, 300.54, 300.487, 300.438, 300.393, 300.353, 300.316, 300.283, 300.253, 300.226, 300.201, 300.179, 300.159, 300.141, 300.125, 300.111, 300.098, 300.086, 300.076, 300.067, 300.059, 300.052, 300.046, 300.04, 300.035, 300.031, 300.027, 300.023, 300.02, 300.018, 300.016, 300.014, 300.012, 300.011, 300.01, 300.009, 300.008, 300.008, 300.008, 
330.255, 329.411, 328.566, 327.72, 326.875, 326.032, 325.192, 324.357, 323.527, 322.703, 321.887, 321.08, 320.283, 319.496, 318.722, 317.96, 317.211, 316.477, 315.757, 315.054, 314.366, 313.696, 313.043, 312.408, 311.791, 311.192, 310.612, 310.051, 309.51, 308.987, 308.483, 307.999, 307.534, 307.088, 306.66, 306.251, 305.861, 305.488, 305.133, 304.796, 304.475, 304.171, 303.882, 303.61, 303.352, 303.11, 302.881, 302.666, 302.463, 302.274, 302.096, 301.93, 301.775, 301.631, 301.496, 301.371, 301.254, 301.146, 301.046, 300.954, 300.869, 300.79, 300.717, 300.651, 300.59, 300.533, 300.482, 300.435, 300.392, 300.353, 300.317, 300.285, 300.256, 300.229, 300.205, 300.183, 300.163, 300.146, 300.13, 300.115, 300.102, 300.091, 300.08, 300.071, 300.063, 300.056, 300.049, 300.043, 300.038, 300.034, 300.03, 300.026, 300.024, 300.021, 300.019, 300.017, 300.016, 300.015, 300.014, 300.014, 
330.939, 330.123, 329.305, 328.485, 327.664, 326.844, 326.026, 325.211, 324.4, 323.594, 322.794, 322.001, 321.217, 320.441, 319.675, 318.921, 318.178, 317.447, 316.729, 316.026, 315.337, 314.663, 314.005, 313.363, 312.738, 312.129, 311.538, 310.965, 310.409, 309.871, 309.351, 308.849, 308.365, 307.899, 307.451, 307.021, 306.609, 306.214, 305.836, 305.476, 305.131, 304.804, 304.492, 304.195, 303.914, 303.648, 303.396, 303.157, 302.932, 302.72, 302.521, 302.333, 302.157, 301.992, 301.837, 301.693, 301.558, 301.432, 301.314, 301.205, 301.104, 301.01, 300.923, 300.842, 300.768, 300.699, 300.636, 300.577, 300.524, 300.475, 300.43, 300.388, 300.351, 300.316, 300.285, 300.256, 300.23, 300.207, 300.186, 300.166, 300.149, 300.133, 300.119, 300.106, 300.094, 300.084, 300.075, 300.067, 300.059, 300.053, 300.047, 300.042, 300.038, 300.034, 300.031, 300.028, 300.026, 300.025, 300.024, 300.023, 
331.585, 330.795, 330.002, 329.206, 328.409, 327.612, 326.815, 326.02, 325.228, 324.439, 323.656, 322.877, 322.106, 321.342, 320.586, 319.84, 319.104, 318.378, 317.664, 316.963, 316.274, 315.599, 314.938, 314.292, 313.661, 313.045, 312.445, 311.861, 311.294, 310.743, 310.209, 309.692, 309.193, 308.71, 308.244, 307.796, 307.364, 306.949, 306.551, 306.169, 305.804, 305.454, 305.12, 304.802, 304.499, 304.21, 303.936, 303.675, 303.429, 303.195, 302.974, 302.766, 302.569, 302.383, 302.209, 302.045, 301.891, 301.747, 301.612, 301.486, 301.368, 301.258, 301.156, 301.061, 300.972, 300.89, 300.814, 300.744, 300.679, 300.619, 300.563, 300.512, 300.466, 300.423, 300.383, 300.347, 300.314, 300.283, 300.256, 300.231, 300.208, 300.187, 300.168, 300.151, 300.136, 300.122, 300.109, 300.098, 300.088, 300.079, 300.071, 300.064, 300.058, 300.053, 300.048, 300.044, 300.042, 300.039, 300.038, 300.037, 
332.196, 331.431, 330.662, 329.889, 329.115, 328.339, 327.563, 326.788, 326.014, 325.243, 324.475, 323.712, 322.954, 322.202, 321.457, 320.72, 319.992, 319.273, 318.564, 317.866, 317.179, 316.504, 315.843, 315.194, 314.559, 313.938, 313.331, 312.74, 312.163, 311.602, 311.057, 310.528, 310.014, 309.517, 309.036, 308.571, 308.122, 307.69, 307.273, 306.873, 306.488, 306.118, 305.764, 305.426, 305.102, 304.792, 304.497, 304.216, 303.949, 303.694, 303.453, 303.224, 303.007, 302.802, 302.608, 302.426, 302.253, 302.091, 301.938, 301.795, 301.66, 301.534, 301.416, 301.306, 301.203, 301.107, 301.018, 300.935, 300.857, 300.786, 300.719, 300.658, 300.601, 300.548, 300.5, 300.455, 300.414, 300.376, 300.342, 300.31, 300.281, 300.254, 300.23, 300.208, 300.188, 300.17, 300.153, 300.138, 300.125, 300.113, 300.103, 300.093, 300.085, 300.078, 300.072, 300.067, 300.063, 300.06, 300.057, 300.056, 
332.774, 332.033, 331.287, 330.537, 329.784, 329.029, 328.273, 327.517, 326.761, 326.007, 325.256, 324.508, 323.763, 323.024, 322.29, 321.563, 320.844, 320.132, 319.429, 318.736, 318.053, 317.38, 316.719, 316.069, 315.432, 314.808, 314.197, 313.599, 313.016, 312.447, 311.892, 311.352, 310.827, 310.318, 309.823, 309.344, 308.881, 308.433, 308, 307.582, 307.18, 306.793, 306.42, 306.063, 305.72, 305.391, 305.077, 304.776, 304.489, 304.215, 303.954, 303.706, 303.47, 303.246, 303.033, 302.831, 302.641, 302.461, 302.29, 302.13, 301.979, 301.836, 301.703, 301.577, 301.459, 301.349, 301.246, 301.149, 301.059, 300.975, 300.897, 300.824, 300.757, 300.694, 300.636, 300.582, 300.532, 300.486, 300.444, 300.405, 300.369, 300.336, 300.306, 300.278, 300.253, 300.229, 300.208, 300.189, 300.172, 300.157, 300.143, 300.131, 300.12, 300.111, 300.103, 300.096, 300.091, 300.087, 300.084, 300.083, 
333.323, 332.604, 331.88, 331.152, 330.42, 329.685, 328.949, 328.211, 327.474, 326.736, 326.001, 325.267, 324.537, 323.811, 323.089, 322.372, 321.662, 320.959, 320.263, 319.575, 318.896, 318.227, 317.567, 316.919, 316.281, 315.655, 315.041, 314.439, 313.851, 313.275, 312.713, 312.165, 311.631, 311.111, 310.605, 310.114, 309.637, 309.175, 308.728, 308.295, 307.877, 307.474, 307.085, 306.71, 306.349, 306.003, 305.671, 305.352, 305.046, 304.754, 304.474, 304.208, 303.953, 303.711, 303.48, 303.26, 303.052, 302.854, 302.667, 302.489, 302.321, 302.163, 302.013, 301.872, 301.74, 301.615, 301.497, 301.387, 301.284, 301.187, 301.097, 301.012, 300.934, 300.86, 300.792, 300.728, 300.669, 300.614, 300.563, 300.516, 300.473, 300.433, 300.396, 300.362, 300.331, 300.302, 300.276, 300.252, 300.231, 300.211, 300.194, 300.178, 300.165, 300.153, 300.143, 300.134, 300.127, 300.122, 300.118, 300.117, 
333.845, 333.148, 332.445, 331.737, 331.025, 330.31, 329.592, 328.873, 328.153, 327.432, 326.712, 325.994, 325.278, 324.564, 323.854, 323.149, 322.448, 321.753, 321.065, 320.384, 319.711, 319.045, 318.389, 317.742, 317.105, 316.479, 315.864, 315.26, 314.667, 314.087, 313.519, 312.964, 312.422, 311.893, 311.378, 310.877, 310.389, 309.915, 309.455, 309.009, 308.577, 308.159, 307.755, 307.364, 306.988, 306.625, 306.276, 305.94, 305.618, 305.308, 305.011, 304.727, 304.455, 304.195, 303.946, 303.71, 303.484, 303.269, 303.065, 302.871, 302.687, 302.512, 302.347, 302.191, 302.043, 301.903, 301.772, 301.648, 301.531, 301.421, 301.318, 301.222, 301.131, 301.047, 300.967, 300.893, 300.824, 300.76, 300.7, 300.645, 300.593, 300.545, 300.501, 300.46, 300.423, 300.388, 300.357, 300.328, 300.301, 300.277, 300.256, 300.237, 300.22, 300.205, 300.192, 300.182, 300.173, 300.167, 300.162, 300.16, 
334.343, 333.665, 332.983, 332.295, 331.602, 330.906, 330.206, 329.505, 328.801, 328.097, 327.393, 326.689, 325.987, 325.286, 324.589, 323.894, 323.204, 322.519, 321.839, 321.165, 320.497, 319.837, 319.185, 318.541, 317.906, 317.281, 316.665, 316.06, 315.465, 314.882, 314.31, 313.749, 313.201, 312.666, 312.142, 311.632, 311.134, 310.65, 310.179, 309.721, 309.277, 308.846, 308.428, 308.024, 307.633, 307.255, 306.891, 306.539, 306.201, 305.875, 305.562, 305.261, 304.972, 304.696, 304.431, 304.177, 303.935, 303.704, 303.483, 303.273, 303.073, 302.883, 302.702, 302.53, 302.367, 302.213, 302.067, 301.93, 301.799, 301.677, 301.561, 301.452, 301.349, 301.253, 301.163, 301.078, 300.999, 300.924, 300.855, 300.791, 300.73, 300.674, 300.623, 300.574, 300.53, 300.489, 300.451, 300.417, 300.385, 300.356, 300.33, 300.307, 300.287, 300.269, 300.253, 300.24, 300.23, 300.222, 300.216, 300.213, 
334.817, 334.159, 333.496, 332.827, 332.153, 331.475, 330.793, 330.108, 329.422, 328.734, 328.045, 327.355, 326.667, 325.979, 325.294, 324.611, 323.931, 323.256, 322.584, 321.918, 321.258, 320.603, 319.956, 319.316, 318.684, 318.06, 317.446, 316.84, 316.245, 315.659, 315.084, 314.52, 313.967, 313.426, 312.896, 312.378, 311.873, 311.379, 310.899, 310.43, 309.975, 309.532, 309.103, 308.686, 308.282, 307.89, 307.512, 307.146, 306.793, 306.452, 306.124, 305.807, 305.503, 305.211, 304.93, 304.661, 304.403, 304.156, 303.919, 303.694, 303.478, 303.272, 303.076, 302.89, 302.712, 302.544, 302.384, 302.232, 302.088, 301.952, 301.823, 301.702, 301.587, 301.479, 301.377, 301.282, 301.192, 301.107, 301.028, 300.954, 300.885, 300.82, 300.76, 300.704, 300.653, 300.605, 300.561, 300.52, 300.483, 300.449, 300.418, 300.39, 300.366, 300.344, 300.326, 300.31, 300.298, 300.288, 300.282, 300.278, 
335.269, 334.631, 333.986, 333.335, 332.679, 332.018, 331.354, 330.686, 330.016, 329.343, 328.669, 327.994, 327.319, 326.645, 325.972, 325.301, 324.632, 323.966, 323.304, 322.646, 321.992, 321.345, 320.703, 320.068, 319.439, 318.818, 318.206, 317.601, 317.005, 316.419, 315.842, 315.275, 314.719, 314.173, 313.638, 313.115, 312.602, 312.101, 311.612, 311.135, 310.67, 310.218, 309.777, 309.349, 308.933, 308.529, 308.138, 307.759, 307.392, 307.037, 306.695, 306.364, 306.045, 305.738, 305.443, 305.159, 304.885, 304.623, 304.372, 304.131, 303.9, 303.68, 303.469, 303.268, 303.076, 302.893, 302.719, 302.554, 302.396, 302.247, 302.105, 301.971, 301.844, 301.724, 301.611, 301.504, 301.403, 301.308, 301.219, 301.135, 301.057, 300.983, 300.915, 300.851, 300.791, 300.736, 300.685, 300.638, 300.595, 300.555, 300.519, 300.487, 300.458, 300.433, 300.411, 300.393, 300.378, 300.367, 300.359, 300.355, 
335.702, 335.082, 334.454, 333.821, 333.182, 332.539, 331.891, 331.239, 330.585, 329.927, 329.268, 328.608, 327.946, 327.285, 326.624, 325.964, 325.306, 324.651, 323.998, 323.348, 322.703, 322.062, 321.426, 320.796, 320.172, 319.555, 318.945, 318.342, 317.748, 317.161, 316.584, 316.016, 315.457, 314.908, 314.369, 313.84, 313.322, 312.815, 312.319, 311.835, 311.361, 310.899, 310.449, 310.011, 309.584, 309.17, 308.767, 308.376, 307.997, 307.629, 307.274, 306.93, 306.597, 306.276, 305.967, 305.668, 305.381, 305.104, 304.839, 304.583, 304.338, 304.103, 303.878, 303.663, 303.457, 303.26, 303.072, 302.893, 302.723, 302.56, 302.406, 302.259, 302.12, 301.988, 301.863, 301.744, 301.633, 301.527, 301.428, 301.334, 301.246, 301.163, 301.086, 301.014, 300.946, 300.883, 300.825, 300.771, 300.722, 300.677, 300.635, 300.598, 300.565, 300.536, 300.511, 300.489, 300.472, 300.459, 300.45, 300.446, 
336.116, 335.513, 334.903, 334.287, 333.665, 333.038, 332.406, 331.77, 331.13, 330.488, 329.843, 329.197, 328.549, 327.9, 327.252, 326.604, 325.957, 325.311, 324.668, 324.027, 323.39, 322.757, 322.128, 321.503, 320.884, 320.271, 319.665, 319.064, 318.472, 317.886, 317.309, 316.74, 316.18, 315.628, 315.087, 314.554, 314.032, 313.52, 313.018, 312.527, 312.046, 311.577, 311.118, 310.671, 310.235, 309.81, 309.397, 308.995, 308.605, 308.225, 307.858, 307.501, 307.156, 306.823, 306.5, 306.188, 305.887, 305.597, 305.318, 305.049, 304.79, 304.541, 304.302, 304.073, 303.854, 303.644, 303.442, 303.25, 303.066, 302.891, 302.724, 302.565, 302.413, 302.269, 302.132, 302.003, 301.88, 301.764, 301.654, 301.55, 301.452, 301.36, 301.274, 301.193, 301.117, 301.047, 300.981, 300.92, 300.864, 300.813, 300.766, 300.724, 300.686, 300.653, 300.624, 300.6, 300.58, 300.565, 300.555, 300.55, 
336.513, 335.926, 335.333, 334.733, 334.127, 333.516, 332.9, 332.279, 331.655, 331.027, 330.396, 329.763, 329.129, 328.493, 327.856, 327.22, 326.584, 325.949, 325.315, 324.684, 324.055, 323.429, 322.807, 322.189, 321.576, 320.967, 320.365, 319.768, 319.177, 318.594, 318.018, 317.449, 316.888, 316.336, 315.792, 315.257, 314.731, 314.215, 313.708, 313.212, 312.725, 312.249, 311.783, 311.328, 310.883, 310.45, 310.027, 309.615, 309.215, 308.825, 308.446, 308.078, 307.722, 307.376, 307.041, 306.717, 306.403, 306.1, 305.808, 305.526, 305.254, 304.992, 304.74, 304.498, 304.265, 304.042, 303.828, 303.622, 303.426, 303.238, 303.058, 302.887, 302.723, 302.567, 302.419, 302.278, 302.144, 302.017, 301.897, 301.783, 301.675, 301.574, 301.478, 301.389, 301.305, 301.226, 301.153, 301.085, 301.023, 300.965, 300.913, 300.865, 300.823, 300.785, 300.752, 300.725, 300.703, 300.686, 300.674, 300.668, 
336.894, 336.323, 335.745, 335.161, 334.571, 333.975, 333.374, 332.768, 332.158, 331.544, 330.928, 330.308, 329.687, 329.063, 328.439, 327.814, 327.189, 326.564, 325.941, 325.318, 324.698, 324.08, 323.466, 322.854, 322.247, 321.644, 321.046, 320.453, 319.866, 319.285, 318.71, 318.142, 317.582, 317.029, 316.484, 315.947, 315.419, 314.899, 314.389, 313.888, 313.396, 312.914, 312.442, 311.98, 311.529, 311.087, 310.656, 310.236, 309.825, 309.426, 309.037, 308.659, 308.291, 307.935, 307.588, 307.252, 306.927, 306.612, 306.308, 306.013, 305.729, 305.454, 305.19, 304.935, 304.69, 304.454, 304.227, 304.009, 303.8, 303.6, 303.408, 303.225, 303.049, 302.882, 302.722, 302.57, 302.425, 302.287, 302.156, 302.032, 301.915, 301.804, 301.699, 301.601, 301.508, 301.422, 301.341, 301.266, 301.197, 301.133, 301.074, 301.022, 300.974, 300.932, 300.896, 300.865, 300.84, 300.821, 300.808, 300.802, 
337.259, 336.704, 336.141, 335.572, 334.997, 334.416, 333.829, 333.238, 332.642, 332.042, 331.439, 330.833, 330.224, 329.613, 329.001, 328.387, 327.773, 327.159, 326.545, 325.932, 325.321, 324.712, 324.104, 323.5, 322.899, 322.302, 321.708, 321.12, 320.536, 319.958, 319.386, 318.82, 318.261, 317.708, 317.163, 316.625, 316.095, 315.573, 315.06, 314.555, 314.06, 313.573, 313.096, 312.628, 312.17, 311.721, 311.283, 310.854, 310.436, 310.028, 309.63, 309.242, 308.865, 308.497, 308.141, 307.794, 307.458, 307.131, 306.815, 306.509, 306.213, 305.927, 305.65, 305.383, 305.126, 304.878, 304.639, 304.409, 304.188, 303.976, 303.772, 303.577, 303.39, 303.211, 303.04, 302.877, 302.721, 302.573, 302.432, 302.298, 302.17, 302.05, 301.936, 301.829, 301.728, 301.634, 301.545, 301.463, 301.387, 301.316, 301.252, 301.194, 301.141, 301.095, 301.055, 301.021, 300.993, 300.972, 300.958, 300.95, 
337.61, 337.069, 336.522, 335.967, 335.407, 334.84, 334.268, 333.69, 333.108, 332.522, 331.932, 331.338, 330.742, 330.143, 329.543, 328.941, 328.337, 327.734, 327.13, 326.527, 325.924, 325.323, 324.724, 324.127, 323.532, 322.941, 322.353, 321.77, 321.19, 320.616, 320.046, 319.483, 318.925, 318.373, 317.828, 317.29, 316.76, 316.236, 315.721, 315.213, 314.714, 314.224, 313.742, 313.269, 312.806, 312.351, 311.906, 311.471, 311.045, 310.629, 310.222, 309.826, 309.44, 309.063, 308.697, 308.34, 307.993, 307.657, 307.33, 307.013, 306.705, 306.408, 306.12, 305.842, 305.573, 305.313, 305.062, 304.821, 304.589, 304.365, 304.15, 303.943, 303.745, 303.555, 303.373, 303.199, 303.032, 302.874, 302.722, 302.578, 302.441, 302.312, 302.189, 302.073, 301.964, 301.861, 301.765, 301.675, 301.592, 301.515, 301.445, 301.381, 301.324, 301.273, 301.229, 301.192, 301.161, 301.138, 301.122, 301.114, 
337.947, 337.421, 336.888, 336.347, 335.801, 335.248, 334.689, 334.126, 333.557, 332.984, 332.407, 331.826, 331.242, 330.655, 330.066, 329.475, 328.883, 328.29, 327.696, 327.102, 326.509, 325.916, 325.325, 324.735, 324.147, 323.563, 322.981, 322.402, 321.827, 321.257, 320.691, 320.13, 319.574, 319.024, 318.481, 317.943, 317.412, 316.888, 316.371, 315.862, 315.36, 314.867, 314.381, 313.904, 313.436, 312.976, 312.526, 312.084, 311.652, 311.228, 310.815, 310.41, 310.016, 309.631, 309.255, 308.889, 308.533, 308.187, 307.85, 307.523, 307.205, 306.897, 306.598, 306.309, 306.029, 305.758, 305.497, 305.244, 305.001, 304.766, 304.54, 304.322, 304.113, 303.912, 303.719, 303.535, 303.358, 303.189, 303.028, 302.874, 302.727, 302.588, 302.457, 302.332, 302.214, 302.104, 302, 301.903, 301.813, 301.73, 301.654, 301.585, 301.522, 301.467, 301.419, 301.378, 301.345, 301.32, 301.303, 301.294, 
338.272, 337.759, 337.24, 336.713, 336.18, 335.641, 335.095, 334.545, 333.989, 333.429, 332.864, 332.296, 331.724, 331.149, 330.572, 329.992, 329.41, 328.827, 328.243, 327.659, 327.075, 326.491, 325.907, 325.326, 324.745, 324.167, 323.591, 323.018, 322.448, 321.882, 321.32, 320.763, 320.21, 319.662, 319.12, 318.583, 318.052, 317.528, 317.011, 316.5, 315.997, 315.501, 315.013, 314.532, 314.06, 313.596, 313.14, 312.693, 312.255, 311.826, 311.405, 310.994, 310.592, 310.199, 309.815, 309.441, 309.076, 308.721, 308.374, 308.038, 307.71, 307.392, 307.083, 306.784, 306.494, 306.213, 305.94, 305.677, 305.423, 305.178, 304.941, 304.713, 304.493, 304.282, 304.078, 303.884, 303.697, 303.518, 303.347, 303.184, 303.028, 302.88, 302.739, 302.606, 302.48, 302.362, 302.25, 302.146, 302.05, 301.96, 301.878, 301.803, 301.736, 301.676, 301.624, 301.58, 301.545, 301.517, 301.499, 301.489, 
338.585, 338.085, 337.579, 337.065, 336.545, 336.019, 335.487, 334.949, 334.406, 333.858, 333.306, 332.75, 332.19, 331.626, 331.06, 330.491, 329.92, 329.348, 328.774, 328.199, 327.624, 327.048, 326.473, 325.899, 325.326, 324.755, 324.185, 323.618, 323.054, 322.492, 321.934, 321.381, 320.831, 320.286, 319.745, 319.21, 318.681, 318.157, 317.64, 317.128, 316.624, 316.126, 315.636, 315.153, 314.677, 314.209, 313.75, 313.298, 312.855, 312.42, 311.993, 311.576, 311.167, 310.767, 310.376, 309.994, 309.621, 309.257, 308.902, 308.557, 308.22, 307.893, 307.575, 307.266, 306.966, 306.675, 306.393, 306.119, 305.855, 305.599, 305.352, 305.114, 304.884, 304.663, 304.45, 304.245, 304.048, 303.86, 303.679, 303.507, 303.342, 303.185, 303.036, 302.894, 302.76, 302.634, 302.516, 302.404, 302.301, 302.205, 302.117, 302.037, 301.965, 301.901, 301.845, 301.798, 301.759, 301.73, 301.71, 301.7, 
338.886, 338.399, 337.905, 337.405, 336.897, 336.384, 335.864, 335.339, 334.808, 334.273, 333.733, 333.188, 332.64, 332.087, 331.532, 330.974, 330.414, 329.851, 329.287, 328.722, 328.156, 327.589, 327.023, 326.456, 325.891, 325.326, 324.763, 324.202, 323.643, 323.087, 322.534, 321.984, 321.438, 320.896, 320.358, 319.825, 319.297, 318.774, 318.257, 317.746, 317.241, 316.742, 316.25, 315.765, 315.287, 314.816, 314.353, 313.898, 313.45, 313.01, 312.579, 312.156, 311.741, 311.334, 310.937, 310.548, 310.167, 309.796, 309.433, 309.079, 308.735, 308.399, 308.072, 307.753, 307.444, 307.144, 306.852, 306.569, 306.295, 306.03, 305.774, 305.526, 305.286, 305.055, 304.832, 304.618, 304.412, 304.214, 304.024, 303.843, 303.669, 303.504, 303.346, 303.196, 303.055, 302.921, 302.795, 302.677, 302.567, 302.465, 302.372, 302.286, 302.209, 302.141, 302.081, 302.031, 301.99, 301.958, 301.937, 301.926, 
339.176, 338.702, 338.22, 337.732, 337.237, 336.736, 336.228, 335.715, 335.197, 334.673, 334.144, 333.611, 333.074, 332.533, 331.989, 331.442, 330.892, 330.339, 329.785, 329.229, 328.672, 328.114, 327.556, 326.997, 326.439, 325.882, 325.326, 324.771, 324.218, 323.667, 323.119, 322.574, 322.031, 321.493, 320.958, 320.427, 319.901, 319.38, 318.864, 318.353, 317.848, 317.349, 316.856, 316.369, 315.89, 315.416, 314.95, 314.492, 314.04, 313.596, 313.16, 312.732, 312.312, 311.9, 311.496, 311.101, 310.714, 310.336, 309.966, 309.604, 309.252, 308.908, 308.572, 308.246, 307.928, 307.619, 307.318, 307.027, 306.744, 306.469, 306.203, 305.946, 305.697, 305.457, 305.225, 305.002, 304.787, 304.58, 304.381, 304.191, 304.009, 303.835, 303.669, 303.512, 303.362, 303.221, 303.088, 302.964, 302.847, 302.739, 302.64, 302.55, 302.468, 302.395, 302.332, 302.278, 302.235, 302.201, 302.178, 302.167, 
339.456, 338.994, 338.524, 338.048, 337.565, 337.076, 336.58, 336.079, 335.572, 335.06, 334.542, 334.021, 333.495, 332.965, 332.431, 331.894, 331.354, 330.812, 330.267, 329.721, 329.173, 328.624, 328.074, 327.523, 326.973, 326.423, 325.874, 325.325, 324.778, 324.233, 323.69, 323.149, 322.611, 322.077, 321.545, 321.017, 320.494, 319.974, 319.46, 318.95, 318.445, 317.946, 317.453, 316.965, 316.484, 316.009, 315.541, 315.08, 314.625, 314.178, 313.738, 313.305, 312.881, 312.464, 312.055, 311.653, 311.26, 310.876, 310.499, 310.131, 309.771, 309.42, 309.077, 308.742, 308.416, 308.099, 307.79, 307.49, 307.199, 306.916, 306.641, 306.375, 306.117, 305.868, 305.628, 305.396, 305.172, 304.956, 304.749, 304.551, 304.36, 304.179, 304.005, 303.84, 303.683, 303.535, 303.395, 303.264, 303.141, 303.028, 302.923, 302.827, 302.741, 302.664, 302.597, 302.541, 302.494, 302.459, 302.435, 302.422, 
339.726, 339.276, 338.818, 338.353, 337.881, 337.404, 336.92, 336.43, 335.934, 335.433, 334.927, 334.416, 333.901, 333.382, 332.859, 332.332, 331.803, 331.27, 330.735, 330.198, 329.659, 329.118, 328.577, 328.035, 327.492, 326.949, 326.407, 325.865, 325.324, 324.785, 324.247, 323.711, 323.178, 322.647, 322.12, 321.595, 321.074, 320.557, 320.044, 319.536, 319.033, 318.534, 318.041, 317.553, 317.071, 316.595, 316.125, 315.661, 315.204, 314.754, 314.311, 313.875, 313.446, 313.024, 312.611, 312.204, 311.806, 311.415, 311.033, 310.658, 310.292, 309.934, 309.584, 309.242, 308.909, 308.584, 308.267, 307.959, 307.66, 307.368, 307.086, 306.811, 306.545, 306.288, 306.039, 305.799, 305.567, 305.343, 305.128, 304.921, 304.723, 304.533, 304.352, 304.18, 304.016, 303.861, 303.714, 303.577, 303.448, 303.329, 303.219, 303.119, 303.028, 302.947, 302.877, 302.817, 302.768, 302.731, 302.706, 302.693, 
339.987, 339.548, 339.101, 338.647, 338.187, 337.721, 337.248, 336.769, 336.284, 335.794, 335.299, 334.799, 334.295, 333.786, 333.273, 332.757, 332.237, 331.714, 331.189, 330.661, 330.131, 329.599, 329.066, 328.532, 327.997, 327.461, 326.926, 326.391, 325.857, 325.323, 324.791, 324.26, 323.732, 323.206, 322.682, 322.161, 321.643, 321.129, 320.618, 320.112, 319.61, 319.112, 318.619, 318.131, 317.649, 317.172, 316.701, 316.236, 315.777, 315.325, 314.879, 314.439, 314.007, 313.582, 313.164, 312.753, 312.35, 311.954, 311.566, 311.186, 310.814, 310.449, 310.093, 309.744, 309.404, 309.072, 308.748, 308.433, 308.126, 307.827, 307.536, 307.254, 306.981, 306.715, 306.459, 306.21, 305.97, 305.739, 305.516, 305.302, 305.096, 304.899, 304.711, 304.531, 304.36, 304.199, 304.046, 303.902, 303.768, 303.643, 303.528, 303.423, 303.328, 303.244, 303.17, 303.107, 303.056, 303.017, 302.99, 302.977, 
340.239, 339.811, 339.375, 338.932, 338.483, 338.027, 337.565, 337.097, 336.623, 336.144, 335.66, 335.17, 334.676, 334.177, 333.675, 333.168, 332.658, 332.145, 331.629, 331.11, 330.589, 330.066, 329.541, 329.015, 328.488, 327.96, 327.432, 326.903, 326.376, 325.848, 325.322, 324.797, 324.273, 323.751, 323.232, 322.715, 322.2, 321.689, 321.181, 320.677, 320.176, 319.68, 319.188, 318.701, 318.219, 317.742, 317.27, 316.804, 316.344, 315.889, 315.441, 314.999, 314.564, 314.136, 313.714, 313.299, 312.892, 312.491, 312.099, 311.713, 311.335, 310.965, 310.603, 310.249, 309.902, 309.563, 309.233, 308.911, 308.596, 308.291, 307.993, 307.703, 307.422, 307.15, 306.885, 306.63, 306.382, 306.144, 305.913, 305.692, 305.479, 305.275, 305.08, 304.893, 304.716, 304.548, 304.389, 304.24, 304.1, 303.97, 303.85, 303.74, 303.641, 303.553, 303.476, 303.411, 303.357, 303.316, 303.288, 303.274, 
340.483, 340.065, 339.639, 339.207, 338.769, 338.323, 337.872, 337.414, 336.951, 336.482, 336.008, 335.529, 335.045, 334.557, 334.064, 333.567, 333.067, 332.563, 332.056, 331.546, 331.034, 330.519, 330.003, 329.485, 328.965, 328.445, 327.924, 327.403, 326.881, 326.36, 325.84, 325.32, 324.802, 324.285, 323.77, 323.257, 322.746, 322.238, 321.733, 321.231, 320.733, 320.239, 319.748, 319.262, 318.78, 318.303, 317.832, 317.365, 316.904, 316.448, 315.998, 315.554, 315.117, 314.685, 314.26, 313.842, 313.431, 313.027, 312.63, 312.24, 311.857, 311.482, 311.114, 310.754, 310.402, 310.057, 309.72, 309.392, 309.071, 308.759, 308.454, 308.158, 307.87, 307.59, 307.319, 307.056, 306.802, 306.556, 306.319, 306.091, 305.871, 305.66, 305.458, 305.266, 305.082, 304.908, 304.743, 304.588, 304.443, 304.308, 304.184, 304.07, 303.967, 303.875, 303.795, 303.727, 303.671, 303.629, 303.6, 303.585, 
340.719, 340.311, 339.895, 339.474, 339.045, 338.61, 338.169, 337.722, 337.269, 336.81, 336.346, 335.877, 335.403, 334.924, 334.441, 333.954, 333.463, 332.968, 332.471, 331.97, 331.466, 330.96, 330.452, 329.942, 329.43, 328.917, 328.404, 327.889, 327.375, 326.86, 326.345, 325.831, 325.318, 324.807, 324.296, 323.787, 323.281, 322.776, 322.275, 321.776, 321.28, 320.787, 320.299, 319.814, 319.333, 318.857, 318.385, 317.918, 317.457, 317, 316.549, 316.104, 315.664, 315.23, 314.803, 314.382, 313.968, 313.56, 313.159, 312.765, 312.378, 311.998, 311.625, 311.26, 310.902, 310.552, 310.21, 309.876, 309.549, 309.23, 308.92, 308.617, 308.323, 308.036, 307.759, 307.489, 307.228, 306.976, 306.732, 306.497, 306.271, 306.054, 305.846, 305.647, 305.458, 305.278, 305.108, 304.948, 304.798, 304.658, 304.529, 304.411, 304.304, 304.209, 304.126, 304.055, 303.997, 303.953, 303.923, 303.908, 
340.947, 340.549, 340.143, 339.731, 339.313, 338.888, 338.456, 338.019, 337.576, 337.127, 336.673, 336.214, 335.749, 335.28, 334.807, 334.329, 333.847, 333.362, 332.873, 332.381, 331.886, 331.389, 330.889, 330.387, 329.883, 329.377, 328.871, 328.364, 327.856, 327.347, 326.839, 326.331, 325.823, 325.317, 324.811, 324.307, 323.804, 323.304, 322.805, 322.31, 321.817, 321.327, 320.84, 320.357, 319.877, 319.402, 318.931, 318.464, 318.003, 317.546, 317.094, 316.647, 316.206, 315.771, 315.341, 314.918, 314.501, 314.09, 313.685, 313.288, 312.897, 312.513, 312.136, 311.766, 311.404, 311.049, 310.701, 310.362, 310.029, 309.705, 309.389, 309.08, 308.78, 308.487, 308.204, 307.928, 307.661, 307.402, 307.153, 306.912, 306.68, 306.456, 306.243, 306.038, 305.843, 305.658, 305.483, 305.317, 305.162, 305.018, 304.885, 304.763, 304.653, 304.554, 304.468, 304.395, 304.335, 304.29, 304.259, 304.243, 
341.168, 340.779, 340.383, 339.981, 339.572, 339.156, 338.735, 338.307, 337.874, 337.435, 336.99, 336.54, 336.086, 335.626, 335.162, 334.693, 334.221, 333.744, 333.264, 332.781, 332.294, 331.805, 331.313, 330.819, 330.323, 329.825, 329.326, 328.826, 328.325, 327.823, 327.321, 326.818, 326.316, 325.815, 325.315, 324.815, 324.317, 323.82, 323.326, 322.833, 322.343, 321.856, 321.372, 320.891, 320.413, 319.939, 319.469, 319.003, 318.541, 318.084, 317.632, 317.185, 316.743, 316.306, 315.875, 315.45, 315.03, 314.617, 314.209, 313.809, 313.414, 313.027, 312.646, 312.272, 311.906, 311.546, 311.194, 310.849, 310.512, 310.182, 309.861, 309.547, 309.241, 308.943, 308.653, 308.372, 308.099, 307.835, 307.579, 307.333, 307.095, 306.866, 306.647, 306.437, 306.237, 306.047, 305.866, 305.696, 305.537, 305.388, 305.251, 305.125, 305.012, 304.91, 304.822, 304.746, 304.685, 304.637, 304.605, 304.589, 
341.381, 341.002, 340.615, 340.222, 339.823, 339.417, 339.004, 338.586, 338.162, 337.733, 337.298, 336.857, 336.412, 335.961, 335.506, 335.047, 334.583, 334.116, 333.644, 333.169, 332.691, 332.21, 331.727, 331.241, 330.752, 330.262, 329.77, 329.277, 328.782, 328.287, 327.791, 327.295, 326.799, 326.303, 325.807, 325.313, 324.819, 324.327, 323.836, 323.347, 322.861, 322.376, 321.895, 321.416, 320.94, 320.468, 319.999, 319.534, 319.073, 318.616, 318.164, 317.716, 317.274, 316.836, 316.404, 315.977, 315.555, 315.14, 314.73, 314.327, 313.93, 313.539, 313.155, 312.777, 312.407, 312.043, 311.687, 311.338, 310.996, 310.662, 310.335, 310.016, 309.705, 309.402, 309.107, 308.821, 308.543, 308.273, 308.012, 307.76, 307.517, 307.283, 307.059, 306.844, 306.639, 306.443, 306.259, 306.084, 305.921, 305.768, 305.627, 305.498, 305.381, 305.276, 305.185, 305.108, 305.044, 304.996, 304.963, 304.946, 
341.589, 341.218, 340.84, 340.456, 340.066, 339.669, 339.266, 338.857, 338.442, 338.022, 337.596, 337.164, 336.728, 336.287, 335.841, 335.39, 334.935, 334.476, 334.014, 333.547, 333.078, 332.605, 332.129, 331.651, 331.17, 330.687, 330.202, 329.716, 329.228, 328.74, 328.25, 327.76, 327.27, 326.779, 326.289, 325.799, 325.31, 324.823, 324.336, 323.851, 323.368, 322.887, 322.408, 321.932, 321.458, 320.988, 320.521, 320.057, 319.597, 319.141, 318.689, 318.242, 317.799, 317.361, 316.927, 316.499, 316.077, 315.659, 315.248, 314.842, 314.443, 314.049, 313.662, 313.281, 312.908, 312.54, 312.18, 311.827, 311.481, 311.143, 310.811, 310.488, 310.172, 309.865, 309.565, 309.274, 308.991, 308.716, 308.45, 308.193, 307.945, 307.706, 307.477, 307.258, 307.048, 306.848, 306.659, 306.48, 306.313, 306.156, 306.012, 305.879, 305.759, 305.652, 305.559, 305.479, 305.414, 305.364, 305.33, 305.313, 
341.789, 341.427, 341.058, 340.683, 340.301, 339.913, 339.519, 339.119, 338.714, 338.302, 337.885, 337.463, 337.035, 336.603, 336.165, 335.723, 335.277, 334.827, 334.373, 333.915, 333.453, 332.988, 332.52, 332.05, 331.577, 331.101, 330.624, 330.144, 329.664, 329.181, 328.698, 328.214, 327.73, 327.245, 326.76, 326.276, 325.792, 325.309, 324.826, 324.345, 323.866, 323.388, 322.913, 322.439, 321.968, 321.5, 321.035, 320.573, 320.114, 319.659, 319.208, 318.761, 318.318, 317.88, 317.446, 317.017, 316.593, 316.175, 315.762, 315.354, 314.953, 314.557, 314.167, 313.784, 313.407, 313.037, 312.673, 312.316, 311.967, 311.624, 311.289, 310.962, 310.642, 310.33, 310.026, 309.73, 309.442, 309.163, 308.893, 308.631, 308.379, 308.136, 307.902, 307.678, 307.464, 307.26, 307.067, 306.884, 306.713, 306.553, 306.405, 306.27, 306.147, 306.037, 305.941, 305.86, 305.793, 305.742, 305.707, 305.69, 
341.984, 341.63, 341.27, 340.903, 340.53, 340.151, 339.765, 339.374, 338.977, 338.574, 338.166, 337.752, 337.333, 336.909, 336.481, 336.047, 335.61, 335.168, 334.722, 334.272, 333.818, 333.362, 332.902, 332.439, 331.973, 331.505, 331.035, 330.562, 330.088, 329.613, 329.136, 328.658, 328.18, 327.701, 327.221, 326.742, 326.263, 325.784, 325.307, 324.83, 324.354, 323.88, 323.408, 322.938, 322.469, 322.004, 321.541, 321.08, 320.623, 320.17, 319.72, 319.273, 318.831, 318.393, 317.959, 317.53, 317.105, 316.686, 316.272, 315.863, 315.46, 315.062, 314.67, 314.284, 313.905, 313.532, 313.165, 312.806, 312.453, 312.107, 311.768, 311.437, 311.113, 310.797, 310.489, 310.189, 309.898, 309.614, 309.34, 309.074, 308.817, 308.57, 308.332, 308.104, 307.886, 307.678, 307.481, 307.295, 307.12, 306.957, 306.806, 306.668, 306.543, 306.431, 306.333, 306.249, 306.181, 306.129, 306.093, 306.075, 
342.172, 341.827, 341.475, 341.116, 340.752, 340.381, 340.004, 339.621, 339.232, 338.838, 338.438, 338.033, 337.623, 337.207, 336.787, 336.362, 335.933, 335.499, 335.061, 334.619, 334.174, 333.725, 333.273, 332.817, 332.359, 331.898, 331.435, 330.97, 330.503, 330.034, 329.563, 329.092, 328.619, 328.146, 327.672, 327.198, 326.724, 326.251, 325.777, 325.305, 324.834, 324.363, 323.894, 323.427, 322.962, 322.499, 322.039, 321.581, 321.125, 320.673, 320.225, 319.779, 319.338, 318.9, 318.466, 318.037, 317.613, 317.193, 316.778, 316.368, 315.963, 315.564, 315.17, 314.783, 314.401, 314.026, 313.657, 313.294, 312.938, 312.59, 312.248, 311.913, 311.586, 311.267, 310.955, 310.651, 310.356, 310.069, 309.79, 309.521, 309.26, 309.009, 308.767, 308.536, 308.314, 308.103, 307.902, 307.713, 307.535, 307.369, 307.215, 307.074, 306.946, 306.832, 306.732, 306.647, 306.577, 306.524, 306.488, 306.469, 
342.355, 342.018, 341.674, 341.323, 340.967, 340.604, 340.235, 339.861, 339.48, 339.094, 338.703, 338.306, 337.904, 337.497, 337.085, 336.668, 336.247, 335.821, 335.391, 334.958, 334.52, 334.079, 333.634, 333.186, 332.735, 332.282, 331.826, 331.368, 330.907, 330.445, 329.981, 329.515, 329.049, 328.582, 328.113, 327.645, 327.176, 326.707, 326.239, 325.771, 325.304, 324.837, 324.372, 323.909, 323.447, 322.986, 322.529, 322.073, 321.62, 321.17, 320.723, 320.279, 319.838, 319.401, 318.968, 318.539, 318.115, 317.695, 317.279, 316.868, 316.463, 316.063, 315.668, 315.279, 314.895, 314.518, 314.147, 313.782, 313.424, 313.072, 312.728, 312.39, 312.06, 311.737, 311.422, 311.115, 310.817, 310.526, 310.244, 309.971, 309.707, 309.452, 309.207, 308.972, 308.747, 308.532, 308.329, 308.136, 307.955, 307.787, 307.63, 307.487, 307.356, 307.24, 307.139, 307.052, 306.981, 306.927, 306.89, 306.871, 
342.533, 342.203, 341.867, 341.524, 341.175, 340.821, 340.46, 340.094, 339.721, 339.343, 338.96, 338.571, 338.177, 337.778, 337.374, 336.966, 336.552, 336.135, 335.713, 335.287, 334.857, 334.423, 333.986, 333.546, 333.102, 332.656, 332.207, 331.755, 331.302, 330.846, 330.389, 329.929, 329.469, 329.007, 328.545, 328.082, 327.618, 327.155, 326.691, 326.228, 325.765, 325.302, 324.841, 324.381, 323.923, 323.466, 323.011, 322.558, 322.107, 321.659, 321.214, 320.771, 320.332, 319.896, 319.464, 319.036, 318.612, 318.192, 317.776, 317.365, 316.959, 316.558, 316.162, 315.772, 315.387, 315.008, 314.635, 314.268, 313.908, 313.554, 313.207, 312.867, 312.534, 312.209, 311.891, 311.581, 311.279, 310.986, 310.701, 310.424, 310.157, 309.899, 309.651, 309.413, 309.185, 308.967, 308.761, 308.565, 308.382, 308.21, 308.051, 307.906, 307.773, 307.655, 307.552, 307.464, 307.392, 307.337, 307.3, 307.28, 
342.705, 342.383, 342.054, 341.719, 341.378, 341.031, 340.678, 340.32, 339.955, 339.585, 339.21, 338.829, 338.443, 338.052, 337.656, 337.255, 336.849, 336.44, 336.025, 335.607, 335.185, 334.759, 334.329, 333.896, 333.46, 333.021, 332.579, 332.134, 331.687, 331.238, 330.787, 330.334, 329.88, 329.424, 328.967, 328.51, 328.051, 327.593, 327.134, 326.675, 326.217, 325.759, 325.302, 324.845, 324.39, 323.937, 323.485, 323.035, 322.587, 322.141, 321.698, 321.257, 320.82, 320.385, 319.954, 319.527, 319.103, 318.684, 318.268, 317.857, 317.451, 317.049, 316.653, 316.262, 315.876, 315.496, 315.121, 314.753, 314.391, 314.035, 313.686, 313.344, 313.009, 312.681, 312.361, 312.048, 311.744, 311.447, 311.159, 310.88, 310.61, 310.35, 310.099, 309.858, 309.627, 309.406, 309.197, 308.999, 308.813, 308.639, 308.478, 308.331, 308.197, 308.077, 307.972, 307.883, 307.81, 307.754, 307.716, 307.696, 
342.873, 342.557, 342.236, 341.909, 341.575, 341.236, 340.89, 340.539, 340.183, 339.82, 339.452, 339.079, 338.701, 338.318, 337.929, 337.536, 337.139, 336.736, 336.33, 335.919, 335.504, 335.086, 334.663, 334.237, 333.808, 333.376, 332.941, 332.503, 332.063, 331.62, 331.176, 330.729, 330.281, 329.831, 329.38, 328.928, 328.475, 328.022, 327.568, 327.114, 326.66, 326.207, 325.754, 325.301, 324.85, 324.4, 323.951, 323.504, 323.059, 322.616, 322.175, 321.736, 321.301, 320.868, 320.438, 320.012, 319.589, 319.171, 318.756, 318.345, 317.939, 317.537, 317.14, 316.748, 316.362, 315.981, 315.605, 315.236, 314.872, 314.515, 314.164, 313.82, 313.483, 313.153, 312.831, 312.516, 312.209, 311.91, 311.62, 311.339, 311.066, 310.803, 310.549, 310.306, 310.072, 309.85, 309.638, 309.438, 309.249, 309.074, 308.911, 308.761, 308.625, 308.504, 308.398, 308.307, 308.233, 308.177, 308.138, 308.118, 
343.035, 342.727, 342.413, 342.092, 341.766, 341.434, 341.096, 340.753, 340.403, 340.049, 339.688, 339.323, 338.952, 338.577, 338.196, 337.81, 337.42, 337.025, 336.626, 336.223, 335.815, 335.404, 334.989, 334.57, 334.148, 333.723, 333.295, 332.864, 332.43, 331.994, 331.556, 331.115, 330.673, 330.229, 329.784, 329.338, 328.89, 328.442, 327.994, 327.544, 327.095, 326.646, 326.197, 325.749, 325.302, 324.855, 324.41, 323.966, 323.524, 323.083, 322.645, 322.209, 321.775, 321.344, 320.916, 320.492, 320.07, 319.652, 319.238, 318.828, 318.422, 318.021, 317.624, 317.232, 316.845, 316.463, 316.087, 315.716, 315.352, 314.993, 314.641, 314.295, 313.957, 313.625, 313.301, 312.984, 312.675, 312.375, 312.082, 311.798, 311.524, 311.258, 311.002, 310.756, 310.521, 310.296, 310.082, 309.88, 309.69, 309.512, 309.347, 309.196, 309.059, 308.936, 308.828, 308.737, 308.662, 308.605, 308.566, 308.546, 
343.193, 342.892, 342.584, 342.271, 341.952, 341.627, 341.296, 340.96, 340.618, 340.271, 339.918, 339.56, 339.197, 338.828, 338.455, 338.077, 337.694, 337.307, 336.915, 336.519, 336.119, 335.714, 335.306, 334.895, 334.48, 334.062, 333.64, 333.216, 332.789, 332.359, 331.927, 331.493, 331.057, 330.619, 330.18, 329.739, 329.297, 328.854, 328.41, 327.966, 327.522, 327.077, 326.633, 326.189, 325.745, 325.303, 324.861, 324.42, 323.981, 323.544, 323.108, 322.675, 322.243, 321.814, 321.388, 320.965, 320.545, 320.129, 319.715, 319.306, 318.901, 318.5, 318.103, 317.711, 317.324, 316.942, 316.565, 316.194, 315.829, 315.469, 315.116, 314.77, 314.43, 314.097, 313.771, 313.453, 313.142, 312.839, 312.545, 312.26, 311.983, 311.716, 311.458, 311.21, 310.972, 310.746, 310.53, 310.326, 310.134, 309.954, 309.788, 309.635, 309.496, 309.373, 309.264, 309.172, 309.096, 309.038, 308.999, 308.978, 
343.346, 343.052, 342.751, 342.445, 342.133, 341.815, 341.491, 341.162, 340.827, 340.487, 340.141, 339.79, 339.434, 339.073, 338.707, 338.336, 337.961, 337.58, 337.196, 336.807, 336.414, 336.017, 335.616, 335.211, 334.803, 334.392, 333.977, 333.559, 333.139, 332.716, 332.29, 331.862, 331.432, 331, 330.567, 330.131, 329.695, 329.257, 328.819, 328.38, 327.94, 327.5, 327.06, 326.621, 326.181, 325.742, 325.304, 324.867, 324.432, 323.997, 323.564, 323.134, 322.705, 322.278, 321.854, 321.433, 321.015, 320.599, 320.188, 319.78, 319.375, 318.975, 318.579, 318.187, 317.8, 317.418, 317.041, 316.67, 316.304, 315.944, 315.59, 315.242, 314.901, 314.567, 314.24, 313.921, 313.609, 313.305, 313.009, 312.722, 312.443, 312.174, 311.915, 311.665, 311.426, 311.198, 310.98, 310.775, 310.581, 310.4, 310.232, 310.078, 309.938, 309.813, 309.704, 309.611, 309.534, 309.476, 309.436, 309.415, 
343.496, 343.208, 342.914, 342.614, 342.308, 341.997, 341.68, 341.358, 341.03, 340.697, 340.358, 340.014, 339.666, 339.312, 338.953, 338.589, 338.22, 337.847, 337.47, 337.088, 336.702, 336.312, 335.918, 335.52, 335.119, 334.714, 334.306, 333.895, 333.481, 333.064, 332.645, 332.223, 331.799, 331.373, 330.945, 330.516, 330.085, 329.652, 329.219, 328.785, 328.351, 327.915, 327.48, 327.045, 326.609, 326.175, 325.74, 325.307, 324.875, 324.443, 324.014, 323.586, 323.16, 322.736, 322.314, 321.895, 321.478, 321.065, 320.655, 320.248, 319.845, 319.445, 319.05, 318.659, 318.272, 317.891, 317.514, 317.142, 316.776, 316.416, 316.062, 315.713, 315.372, 315.037, 314.709, 314.388, 314.075, 313.77, 313.473, 313.184, 312.905, 312.634, 312.373, 312.122, 311.882, 311.652, 311.433, 311.226, 311.031, 310.849, 310.68, 310.525, 310.384, 310.258, 310.147, 310.053, 309.976, 309.917, 309.877, 309.857, 
343.641, 343.359, 343.071, 342.778, 342.479, 342.175, 341.864, 341.549, 341.228, 340.901, 340.57, 340.233, 339.891, 339.544, 339.192, 338.835, 338.473, 338.107, 337.737, 337.362, 336.983, 336.599, 336.212, 335.821, 335.427, 335.029, 334.627, 334.223, 333.815, 333.404, 332.991, 332.576, 332.158, 331.738, 331.316, 330.892, 330.466, 330.04, 329.612, 329.183, 328.753, 328.323, 327.892, 327.461, 327.03, 326.599, 326.169, 325.739, 325.311, 324.883, 324.456, 324.031, 323.608, 323.187, 322.768, 322.351, 321.936, 321.525, 321.116, 320.711, 320.309, 319.911, 319.517, 319.127, 318.741, 318.36, 317.983, 317.612, 317.246, 316.886, 316.531, 316.183, 315.84, 315.505, 315.176, 314.855, 314.541, 314.235, 313.937, 313.647, 313.367, 313.095, 312.833, 312.581, 312.339, 312.108, 311.888, 311.68, 311.484, 311.3, 311.13, 310.974, 310.832, 310.705, 310.594, 310.5, 310.422, 310.363, 310.322, 310.301, 
343.782, 343.506, 343.225, 342.938, 342.645, 342.347, 342.044, 341.734, 341.42, 341.1, 340.775, 340.445, 340.11, 339.77, 339.424, 339.074, 338.72, 338.36, 337.997, 337.629, 337.256, 336.88, 336.499, 336.115, 335.727, 335.336, 334.941, 334.542, 334.141, 333.737, 333.33, 332.921, 332.509, 332.094, 331.678, 331.26, 330.84, 330.419, 329.996, 329.572, 329.147, 328.722, 328.296, 327.87, 327.443, 327.017, 326.59, 326.165, 325.74, 325.315, 324.892, 324.47, 324.05, 323.632, 323.215, 322.801, 322.389, 321.979, 321.573, 321.169, 320.769, 320.372, 319.979, 319.59, 319.205, 318.825, 318.449, 318.078, 317.713, 317.352, 316.998, 316.649, 316.307, 315.971, 315.642, 315.32, 315.006, 314.699, 314.4, 314.11, 313.829, 313.556, 313.293, 313.04, 312.797, 312.565, 312.344, 312.135, 311.938, 311.754, 311.583, 311.426, 311.283, 311.155, 311.044, 310.949, 310.871, 310.811, 310.77, 310.749, 
343.919, 343.649, 343.374, 343.093, 342.807, 342.515, 342.218, 341.915, 341.607, 341.294, 340.975, 340.652, 340.323, 339.99, 339.651, 339.308, 338.96, 338.607, 338.25, 337.889, 337.523, 337.153, 336.779, 336.402, 336.02, 335.635, 335.247, 334.855, 334.46, 334.062, 333.661, 333.258, 332.852, 332.443, 332.033, 331.62, 331.206, 330.79, 330.373, 329.954, 329.534, 329.114, 328.693, 328.271, 327.849, 327.426, 327.004, 326.583, 326.161, 325.741, 325.321, 324.903, 324.486, 324.07, 323.657, 323.245, 322.835, 322.428, 322.024, 321.622, 321.224, 320.829, 320.437, 320.049, 319.666, 319.286, 318.911, 318.541, 318.176, 317.816, 317.462, 317.114, 316.772, 316.436, 316.107, 315.785, 315.47, 315.163, 314.863, 314.572, 314.29, 314.017, 313.753, 313.5, 313.256, 313.023, 312.802, 312.592, 312.394, 312.209, 312.037, 311.879, 311.736, 311.608, 311.496, 311.4, 311.322, 311.262, 311.221, 311.2, 
344.052, 343.789, 343.519, 343.244, 342.964, 342.679, 342.387, 342.091, 341.789, 341.482, 341.17, 340.853, 340.531, 340.204, 339.872, 339.535, 339.194, 338.848, 338.497, 338.142, 337.783, 337.42, 337.053, 336.682, 336.307, 335.928, 335.546, 335.16, 334.771, 334.38, 333.985, 333.588, 333.187, 332.785, 332.38, 331.973, 331.565, 331.154, 330.742, 330.329, 329.914, 329.498, 329.082, 328.665, 328.247, 327.829, 327.411, 326.994, 326.576, 326.16, 325.744, 325.329, 324.915, 324.503, 324.092, 323.683, 323.276, 322.871, 322.469, 322.07, 321.673, 321.28, 320.89, 320.504, 320.122, 319.744, 319.37, 319.001, 318.636, 318.277, 317.924, 317.576, 317.234, 316.898, 316.569, 316.247, 315.932, 315.625, 315.325, 315.034, 314.752, 314.478, 314.214, 313.959, 313.715, 313.482, 313.26, 313.049, 312.851, 312.665, 312.493, 312.335, 312.191, 312.062, 311.95, 311.854, 311.775, 311.715, 311.674, 311.653, 
344.182, 343.924, 343.661, 343.392, 343.117, 342.838, 342.553, 342.262, 341.967, 341.666, 341.36, 341.049, 340.734, 340.413, 340.087, 339.757, 339.422, 339.082, 338.738, 338.39, 338.037, 337.68, 337.319, 336.955, 336.586, 336.214, 335.838, 335.458, 335.076, 334.69, 334.302, 333.91, 333.516, 333.119, 332.72, 332.319, 331.916, 331.511, 331.104, 330.696, 330.286, 329.875, 329.464, 329.051, 328.638, 328.225, 327.811, 327.398, 326.985, 326.572, 326.16, 325.748, 325.338, 324.929, 324.521, 324.115, 323.711, 323.309, 322.909, 322.512, 322.118, 321.727, 321.339, 320.954, 320.573, 320.197, 319.824, 319.456, 319.093, 318.735, 318.382, 318.035, 317.693, 317.358, 317.03, 316.708, 316.393, 316.086, 315.786, 315.495, 315.212, 314.938, 314.674, 314.419, 314.175, 313.941, 313.718, 313.507, 313.309, 313.123, 312.95, 312.791, 312.647, 312.518, 312.405, 312.309, 312.23, 312.17, 312.129, 312.108, 
344.309, 344.056, 343.798, 343.535, 343.266, 342.992, 342.713, 342.429, 342.14, 341.845, 341.545, 341.241, 340.931, 340.616, 340.297, 339.973, 339.644, 339.311, 338.973, 338.631, 338.285, 337.934, 337.58, 337.221, 336.859, 336.493, 336.123, 335.75, 335.373, 334.994, 334.611, 334.226, 333.837, 333.446, 333.053, 332.657, 332.26, 331.86, 331.459, 331.056, 330.651, 330.245, 329.839, 329.431, 329.023, 328.614, 328.205, 327.795, 327.386, 326.977, 326.569, 326.161, 325.754, 325.348, 324.944, 324.541, 324.14, 323.741, 323.344, 322.949, 322.557, 322.168, 321.782, 321.4, 321.021, 320.646, 320.275, 319.908, 319.546, 319.189, 318.837, 318.491, 318.15, 317.816, 317.488, 317.166, 316.852, 316.545, 316.245, 315.954, 315.672, 315.398, 315.133, 314.878, 314.634, 314.4, 314.177, 313.966, 313.767, 313.581, 313.408, 313.249, 313.104, 312.975, 312.862, 312.766, 312.687, 312.626, 312.585, 312.564, 
344.432, 344.185, 343.932, 343.675, 343.412, 343.143, 342.87, 342.591, 342.308, 342.019, 341.725, 341.427, 341.123, 340.815, 340.502, 340.184, 339.861, 339.534, 339.203, 338.867, 338.527, 338.182, 337.834, 337.481, 337.125, 336.765, 336.402, 336.035, 335.664, 335.291, 334.914, 334.534, 334.152, 333.766, 333.379, 332.989, 332.597, 332.202, 331.806, 331.408, 331.009, 330.608, 330.206, 329.804, 329.4, 328.996, 328.591, 328.186, 327.781, 327.376, 326.972, 326.568, 326.164, 325.762, 325.361, 324.961, 324.563, 324.167, 323.773, 323.381, 322.991, 322.605, 322.221, 321.841, 321.464, 321.09, 320.721, 320.356, 319.995, 319.64, 319.289, 318.944, 318.604, 318.27, 317.943, 317.622, 317.308, 317.002, 316.703, 316.412, 316.13, 315.856, 315.592, 315.337, 315.092, 314.858, 314.636, 314.424, 314.225, 314.039, 313.866, 313.707, 313.562, 313.433, 313.319, 313.223, 313.144, 313.083, 313.042, 313.021, 
344.552, 344.31, 344.063, 343.81, 343.553, 343.29, 343.023, 342.75, 342.472, 342.189, 341.901, 341.608, 341.311, 341.008, 340.701, 340.389, 340.073, 339.752, 339.426, 339.097, 338.762, 338.424, 338.082, 337.736, 337.385, 337.032, 336.674, 336.313, 335.948, 335.581, 335.21, 334.836, 334.459, 334.08, 333.698, 333.313, 332.927, 332.538, 332.147, 331.754, 331.36, 330.964, 330.567, 330.169, 329.771, 329.371, 328.971, 328.57, 328.169, 327.768, 327.368, 326.968, 326.568, 326.17, 325.772, 325.376, 324.981, 324.588, 324.196, 323.807, 323.42, 323.036, 322.655, 322.277, 321.902, 321.531, 321.163, 320.8, 320.441, 320.087, 319.737, 319.393, 319.055, 318.722, 318.396, 318.076, 317.763, 317.457, 317.159, 316.868, 316.586, 316.313, 316.049, 315.794, 315.55, 315.316, 315.093, 314.882, 314.683, 314.497, 314.324, 314.165, 314.02, 313.891, 313.777, 313.681, 313.602, 313.541, 313.5, 313.479, 
344.669, 344.432, 344.19, 343.943, 343.691, 343.433, 343.171, 342.904, 342.632, 342.354, 342.072, 341.785, 341.493, 341.197, 340.896, 340.59, 340.279, 339.964, 339.645, 339.321, 338.993, 338.66, 338.324, 337.984, 337.64, 337.292, 336.94, 336.585, 336.226, 335.864, 335.499, 335.131, 334.76, 334.386, 334.01, 333.631, 333.25, 332.866, 332.481, 332.093, 331.704, 331.314, 330.922, 330.529, 330.134, 329.739, 329.344, 328.947, 328.551, 328.154, 327.758, 327.362, 326.966, 326.571, 326.177, 325.784, 325.393, 325.003, 324.614, 324.228, 323.844, 323.463, 323.084, 322.708, 322.335, 321.966, 321.601, 321.239, 320.882, 320.53, 320.182, 319.839, 319.502, 319.171, 318.846, 318.527, 318.215, 317.91, 317.612, 317.322, 317.041, 316.768, 316.505, 316.251, 316.007, 315.773, 315.551, 315.34, 315.141, 314.955, 314.782, 314.623, 314.478, 314.349, 314.236, 314.139, 314.06, 313.999, 313.958, 313.937, 
344.783, 344.551, 344.314, 344.072, 343.825, 343.573, 343.316, 343.054, 342.787, 342.516, 342.239, 341.958, 341.672, 341.381, 341.085, 340.785, 340.48, 340.171, 339.858, 339.54, 339.217, 338.891, 338.561, 338.226, 337.888, 337.546, 337.2, 336.851, 336.498, 336.142, 335.783, 335.42, 335.055, 334.687, 334.316, 333.942, 333.566, 333.188, 332.808, 332.426, 332.042, 331.657, 331.269, 330.881, 330.492, 330.101, 329.71, 329.318, 328.926, 328.534, 328.142, 327.75, 327.358, 326.967, 326.576, 326.187, 325.799, 325.412, 325.027, 324.644, 324.263, 323.884, 323.508, 323.135, 322.764, 322.398, 322.034, 321.675, 321.32, 320.969, 320.623, 320.282, 319.946, 319.616, 319.292, 318.975, 318.664, 318.36, 318.063, 317.774, 317.494, 317.222, 316.959, 316.705, 316.462, 316.229, 316.007, 315.796, 315.597, 315.412, 315.239, 315.08, 314.936, 314.807, 314.693, 314.597, 314.518, 314.458, 314.416, 314.395, 
344.893, 344.666, 344.434, 344.198, 343.956, 343.709, 343.457, 343.201, 342.939, 342.673, 342.402, 342.126, 341.845, 341.56, 341.27, 340.976, 340.677, 340.373, 340.065, 339.753, 339.437, 339.116, 338.792, 338.463, 338.131, 337.794, 337.454, 337.111, 336.764, 336.413, 336.06, 335.703, 335.343, 334.981, 334.615, 334.247, 333.877, 333.504, 333.129, 332.752, 332.373, 331.993, 331.611, 331.227, 330.843, 330.457, 330.07, 329.683, 329.295, 328.907, 328.519, 328.131, 327.743, 327.356, 326.969, 326.584, 326.199, 325.816, 325.434, 325.054, 324.676, 324.3, 323.927, 323.556, 323.188, 322.824, 322.463, 322.106, 321.753, 321.404, 321.06, 320.721, 320.387, 320.058, 319.736, 319.42, 319.11, 318.807, 318.512, 318.224, 317.944, 317.673, 317.411, 317.158, 316.915, 316.683, 316.461, 316.251, 316.053, 315.868, 315.695, 315.537, 315.393, 315.264, 315.151, 315.055, 314.976, 314.915, 314.874, 314.853, 
345.001, 344.779, 344.552, 344.32, 344.083, 343.841, 343.595, 343.343, 343.087, 342.826, 342.56, 342.29, 342.015, 341.735, 341.451, 341.162, 340.868, 340.571, 340.268, 339.962, 339.651, 339.336, 339.017, 338.695, 338.368, 338.037, 337.703, 337.365, 337.024, 336.679, 336.331, 335.98, 335.626, 335.268, 334.908, 334.546, 334.181, 333.813, 333.444, 333.072, 332.698, 332.323, 331.946, 331.567, 331.187, 330.806, 330.424, 330.042, 329.658, 329.275, 328.891, 328.507, 328.123, 327.74, 327.357, 326.975, 326.594, 326.214, 325.835, 325.459, 325.084, 324.711, 324.341, 323.973, 323.608, 323.246, 322.888, 322.533, 322.182, 321.835, 321.493, 321.156, 320.824, 320.497, 320.176, 319.861, 319.553, 319.252, 318.957, 318.671, 318.392, 318.122, 317.861, 317.609, 317.367, 317.135, 316.914, 316.705, 316.507, 316.322, 316.15, 315.992, 315.849, 315.72, 315.607, 315.511, 315.433, 315.372, 315.331, 315.31, 
345.107, 344.889, 344.667, 344.44, 344.208, 343.971, 343.729, 343.483, 343.232, 342.976, 342.715, 342.45, 342.18, 341.906, 341.627, 341.343, 341.055, 340.763, 340.467, 340.166, 339.86, 339.551, 339.238, 338.921, 338.6, 338.275, 337.946, 337.614, 337.278, 336.939, 336.596, 336.251, 335.902, 335.55, 335.196, 334.838, 334.479, 334.117, 333.752, 333.385, 333.017, 332.646, 332.274, 331.901, 331.526, 331.149, 330.772, 330.394, 330.015, 329.636, 329.256, 328.876, 328.497, 328.117, 327.738, 327.36, 326.983, 326.606, 326.231, 325.858, 325.486, 325.117, 324.749, 324.384, 324.022, 323.663, 323.307, 322.955, 322.607, 322.262, 321.922, 321.587, 321.257, 320.932, 320.613, 320.3, 319.993, 319.693, 319.4, 319.115, 318.838, 318.569, 318.309, 318.058, 317.817, 317.586, 317.366, 317.157, 316.96, 316.776, 316.604, 316.447, 316.303, 316.175, 316.063, 315.967, 315.889, 315.829, 315.788, 315.767, 
345.21, 344.996, 344.779, 344.556, 344.329, 344.097, 343.86, 343.619, 343.372, 343.122, 342.866, 342.606, 342.342, 342.072, 341.799, 341.521, 341.238, 340.951, 340.66, 340.365, 340.065, 339.761, 339.453, 339.142, 338.826, 338.507, 338.184, 337.857, 337.526, 337.193, 336.856, 336.516, 336.172, 335.826, 335.477, 335.125, 334.771, 334.414, 334.054, 333.693, 333.329, 332.964, 332.597, 332.228, 331.858, 331.486, 331.114, 330.74, 330.366, 329.991, 329.616, 329.24, 328.864, 328.489, 328.114, 327.74, 327.366, 326.993, 326.622, 326.252, 325.884, 325.517, 325.153, 324.791, 324.432, 324.076, 323.723, 323.373, 323.027, 322.685, 322.347, 322.014, 321.686, 321.363, 321.046, 320.735, 320.43, 320.131, 319.84, 319.556, 319.28, 319.013, 318.754, 318.504, 318.264, 318.034, 317.815, 317.607, 317.411, 317.227, 317.057, 316.9, 316.757, 316.629, 316.517, 316.422, 316.344, 316.284, 316.243, 316.222, 
345.31, 345.101, 344.888, 344.67, 344.447, 344.22, 343.988, 343.751, 343.51, 343.264, 343.014, 342.759, 342.499, 342.235, 341.967, 341.694, 341.416, 341.135, 340.849, 340.559, 340.265, 339.966, 339.664, 339.358, 339.047, 338.733, 338.416, 338.095, 337.77, 337.441, 337.11, 336.775, 336.437, 336.096, 335.752, 335.406, 335.057, 334.705, 334.351, 333.994, 333.636, 333.276, 332.913, 332.549, 332.184, 331.817, 331.449, 331.08, 330.711, 330.34, 329.969, 329.598, 329.227, 328.855, 328.484, 328.114, 327.744, 327.375, 327.007, 326.641, 326.276, 325.913, 325.552, 325.193, 324.837, 324.483, 324.133, 323.786, 323.443, 323.103, 322.768, 322.437, 322.111, 321.791, 321.475, 321.166, 320.863, 320.566, 320.277, 319.995, 319.72, 319.454, 319.196, 318.948, 318.709, 318.48, 318.262, 318.055, 317.86, 317.677, 317.507, 317.351, 317.208, 317.081, 316.97, 316.875, 316.797, 316.737, 316.697, 316.676, 
345.407, 345.203, 344.994, 344.78, 344.562, 344.34, 344.112, 343.88, 343.644, 343.403, 343.157, 342.907, 342.653, 342.394, 342.13, 341.863, 341.59, 341.314, 341.033, 340.749, 340.46, 340.167, 339.87, 339.569, 339.264, 338.955, 338.643, 338.327, 338.008, 337.685, 337.359, 337.029, 336.696, 336.361, 336.022, 335.681, 335.337, 334.99, 334.641, 334.29, 333.937, 333.581, 333.224, 332.865, 332.504, 332.142, 331.779, 331.415, 331.049, 330.683, 330.317, 329.95, 329.583, 329.216, 328.849, 328.482, 328.116, 327.751, 327.387, 327.024, 326.663, 326.303, 325.945, 325.59, 325.237, 324.886, 324.539, 324.195, 323.854, 323.517, 323.185, 322.856, 322.533, 322.214, 321.901, 321.594, 321.293, 320.998, 320.71, 320.43, 320.157, 319.892, 319.636, 319.389, 319.151, 318.924, 318.707, 318.501, 318.306, 318.124, 317.955, 317.8, 317.658, 317.532, 317.421, 317.326, 317.249, 317.189, 317.149, 317.128, 
345.503, 345.303, 345.098, 344.889, 344.675, 344.457, 344.234, 344.006, 343.775, 343.538, 343.298, 343.052, 342.803, 342.549, 342.29, 342.028, 341.761, 341.489, 341.214, 340.934, 340.65, 340.363, 340.071, 339.775, 339.476, 339.172, 338.865, 338.555, 338.24, 337.923, 337.602, 337.278, 336.95, 336.62, 336.287, 335.951, 335.612, 335.27, 334.926, 334.58, 334.232, 333.881, 333.529, 333.175, 332.819, 332.462, 332.103, 331.743, 331.383, 331.021, 330.659, 330.296, 329.933, 329.57, 329.208, 328.845, 328.483, 328.122, 327.761, 327.402, 327.044, 326.688, 326.334, 325.982, 325.632, 325.284, 324.94, 324.599, 324.261, 323.927, 323.597, 323.271, 322.95, 322.634, 322.323, 322.018, 321.719, 321.426, 321.14, 320.861, 320.59, 320.327, 320.072, 319.827, 319.591, 319.364, 319.149, 318.944, 318.751, 318.57, 318.401, 318.247, 318.106, 317.98, 317.87, 317.775, 317.698, 317.639, 317.599, 317.578, 
345.596, 345.4, 345.199, 344.994, 344.785, 344.571, 344.352, 344.13, 343.902, 343.671, 343.435, 343.194, 342.949, 342.7, 342.447, 342.189, 341.927, 341.66, 341.39, 341.115, 340.837, 340.554, 340.267, 339.977, 339.683, 339.384, 339.083, 338.777, 338.468, 338.156, 337.84, 337.521, 337.199, 336.874, 336.546, 336.215, 335.881, 335.545, 335.206, 334.865, 334.521, 334.176, 333.828, 333.479, 333.128, 332.775, 332.421, 332.066, 331.71, 331.353, 330.995, 330.637, 330.278, 329.92, 329.561, 329.202, 328.844, 328.487, 328.13, 327.775, 327.421, 327.068, 326.717, 326.368, 326.022, 325.678, 325.336, 324.998, 324.663, 324.332, 324.004, 323.681, 323.363, 323.049, 322.741, 322.438, 322.141, 321.85, 321.566, 321.289, 321.02, 320.759, 320.506, 320.262, 320.027, 319.802, 319.588, 319.384, 319.192, 319.012, 318.845, 318.691, 318.551, 318.426, 318.316, 318.223, 318.146, 318.087, 318.047, 318.027, 
345.686, 345.494, 345.298, 345.097, 344.892, 344.682, 344.468, 344.25, 344.027, 343.8, 343.568, 343.332, 343.092, 342.848, 342.599, 342.346, 342.089, 341.828, 341.562, 341.292, 341.019, 340.741, 340.46, 340.174, 339.885, 339.592, 339.295, 338.995, 338.691, 338.384, 338.073, 337.76, 337.443, 337.123, 336.799, 336.474, 336.145, 335.814, 335.48, 335.144, 334.805, 334.464, 334.122, 333.777, 333.431, 333.083, 332.734, 332.384, 332.032, 331.679, 331.326, 330.972, 330.618, 330.263, 329.909, 329.554, 329.2, 328.847, 328.494, 328.142, 327.792, 327.443, 327.096, 326.75, 326.407, 326.066, 325.728, 325.393, 325.061, 324.732, 324.408, 324.087, 323.771, 323.46, 323.154, 322.854, 322.559, 322.271, 321.989, 321.714, 321.447, 321.187, 320.936, 320.694, 320.46, 320.237, 320.024, 319.822, 319.631, 319.452, 319.286, 319.133, 318.994, 318.869, 318.76, 318.667, 318.591, 318.533, 318.493, 318.472, 
345.775, 345.587, 345.394, 345.198, 344.996, 344.791, 344.581, 344.367, 344.149, 343.926, 343.699, 343.468, 343.232, 342.992, 342.748, 342.5, 342.247, 341.991, 341.73, 341.466, 341.197, 340.924, 340.648, 340.367, 340.083, 339.795, 339.503, 339.208, 338.909, 338.607, 338.302, 337.993, 337.681, 337.366, 337.048, 336.727, 336.404, 336.077, 335.748, 335.417, 335.084, 334.748, 334.41, 334.07, 333.729, 333.386, 333.041, 332.695, 332.348, 332, 331.651, 331.302, 330.952, 330.602, 330.251, 329.901, 329.551, 329.202, 328.853, 328.505, 328.158, 327.813, 327.469, 327.127, 326.787, 326.449, 326.115, 325.783, 325.454, 325.128, 324.807, 324.489, 324.176, 323.867, 323.564, 323.266, 322.973, 322.687, 322.408, 322.135, 321.87, 321.612, 321.363, 321.122, 320.89, 320.669, 320.457, 320.256, 320.067, 319.889, 319.724, 319.572, 319.434, 319.31, 319.202, 319.109, 319.034, 318.976, 318.936, 318.916, 
345.861, 345.677, 345.488, 345.296, 345.098, 344.897, 344.691, 344.482, 344.267, 344.049, 343.826, 343.6, 343.368, 343.133, 342.894, 342.65, 342.402, 342.151, 341.895, 341.635, 341.371, 341.103, 340.831, 340.556, 340.277, 339.994, 339.707, 339.417, 339.123, 338.826, 338.525, 338.222, 337.915, 337.605, 337.292, 336.976, 336.657, 336.336, 336.012, 335.686, 335.357, 335.026, 334.693, 334.358, 334.021, 333.683, 333.343, 333.002, 332.659, 332.316, 331.971, 331.626, 331.281, 330.935, 330.588, 330.242, 329.896, 329.551, 329.206, 328.862, 328.519, 328.177, 327.837, 327.499, 327.162, 326.828, 326.496, 326.168, 325.842, 325.52, 325.201, 324.886, 324.576, 324.27, 323.969, 323.674, 323.384, 323.1, 322.823, 322.552, 322.289, 322.033, 321.786, 321.547, 321.317, 321.097, 320.887, 320.688, 320.499, 320.323, 320.159, 320.008, 319.871, 319.748, 319.641, 319.549, 319.474, 319.416, 319.377, 319.357, 
345.946, 345.765, 345.58, 345.391, 345.198, 345.001, 344.799, 344.593, 344.383, 344.169, 343.951, 343.728, 343.502, 343.271, 343.036, 342.797, 342.554, 342.307, 342.055, 341.8, 341.541, 341.278, 341.011, 340.74, 340.466, 340.188, 339.906, 339.621, 339.332, 339.04, 338.744, 338.446, 338.144, 337.839, 337.53, 337.219, 336.906, 336.589, 336.27, 335.949, 335.625, 335.299, 334.971, 334.641, 334.309, 333.975, 333.64, 333.303, 332.965, 332.626, 332.286, 331.945, 331.604, 331.262, 330.92, 330.578, 330.236, 329.895, 329.554, 329.214, 328.875, 328.537, 328.2, 327.865, 327.533, 327.202, 326.874, 326.548, 326.226, 325.906, 325.591, 325.279, 324.971, 324.668, 324.37, 324.077, 323.79, 323.509, 323.234, 322.965, 322.704, 322.451, 322.205, 321.968, 321.74, 321.522, 321.314, 321.116, 320.929, 320.754, 320.591, 320.441, 320.305, 320.183, 320.077, 319.985, 319.911, 319.854, 319.815, 319.795, 
346.028, 345.851, 345.67, 345.485, 345.296, 345.102, 344.904, 344.703, 344.497, 344.287, 344.073, 343.854, 343.632, 343.406, 343.175, 342.94, 342.702, 342.459, 342.212, 341.962, 341.707, 341.449, 341.187, 340.921, 340.651, 340.378, 340.101, 339.821, 339.537, 339.249, 338.959, 338.665, 338.368, 338.068, 337.764, 337.458, 337.149, 336.838, 336.524, 336.207, 335.888, 335.567, 335.243, 334.918, 334.591, 334.261, 333.931, 333.599, 333.265, 332.931, 332.595, 332.259, 331.922, 331.585, 331.247, 330.909, 330.571, 330.234, 329.897, 329.561, 329.225, 328.891, 328.559, 328.227, 327.898, 327.571, 327.246, 326.924, 326.605, 326.289, 325.976, 325.667, 325.363, 325.062, 324.767, 324.477, 324.192, 323.913, 323.641, 323.375, 323.116, 322.864, 322.621, 322.386, 322.16, 321.943, 321.737, 321.54, 321.355, 321.181, 321.02, 320.871, 320.736, 320.615, 320.509, 320.419, 320.345, 320.288, 320.249, 320.23, 
346.109, 345.935, 345.758, 345.576, 345.391, 345.201, 345.007, 344.809, 344.608, 344.402, 344.192, 343.977, 343.759, 343.537, 343.311, 343.081, 342.846, 342.608, 342.366, 342.12, 341.87, 341.616, 341.359, 341.098, 340.833, 340.564, 340.292, 340.016, 339.737, 339.455, 339.169, 338.88, 338.587, 338.292, 337.994, 337.692, 337.388, 337.082, 336.772, 336.46, 336.146, 335.829, 335.511, 335.19, 334.867, 334.543, 334.217, 333.889, 333.561, 333.231, 332.9, 332.568, 332.235, 331.902, 331.568, 331.235, 330.901, 330.568, 330.235, 329.903, 329.571, 329.241, 328.912, 328.584, 328.259, 327.935, 327.614, 327.295, 326.979, 326.666, 326.357, 326.051, 325.749, 325.452, 325.16, 324.872, 324.59, 324.314, 324.044, 323.78, 323.523, 323.274, 323.033, 322.8, 322.576, 322.361, 322.156, 321.962, 321.778, 321.606, 321.445, 321.298, 321.164, 321.044, 320.939, 320.849, 320.776, 320.719, 320.681, 320.661, 
346.187, 346.017, 345.843, 345.665, 345.483, 345.298, 345.108, 344.914, 344.716, 344.514, 344.308, 344.098, 343.884, 343.666, 343.444, 343.218, 342.988, 342.754, 342.516, 342.275, 342.029, 341.78, 341.527, 341.271, 341.01, 340.746, 340.479, 340.208, 339.933, 339.656, 339.374, 339.09, 338.803, 338.512, 338.218, 337.922, 337.623, 337.321, 337.016, 336.709, 336.399, 336.087, 335.773, 335.457, 335.139, 334.82, 334.498, 334.175, 333.851, 333.525, 333.199, 332.871, 332.543, 332.214, 331.885, 331.555, 331.226, 330.897, 330.568, 330.239, 329.912, 329.585, 329.26, 328.936, 328.614, 328.294, 327.976, 327.661, 327.348, 327.039, 326.733, 326.43, 326.132, 325.837, 325.548, 325.263, 324.984, 324.71, 324.442, 324.181, 323.927, 323.68, 323.441, 323.21, 322.988, 322.775, 322.572, 322.379, 322.197, 322.026, 321.867, 321.721, 321.588, 321.469, 321.365, 321.276, 321.203, 321.148, 321.109, 321.09, 
346.264, 346.098, 345.927, 345.753, 345.574, 345.392, 345.206, 345.016, 344.821, 344.623, 344.421, 344.215, 344.005, 343.791, 343.573, 343.352, 343.126, 342.897, 342.663, 342.426, 342.185, 341.94, 341.692, 341.44, 341.184, 340.925, 340.662, 340.395, 340.125, 339.852, 339.576, 339.296, 339.013, 338.728, 338.439, 338.147, 337.852, 337.555, 337.255, 336.953, 336.648, 336.341, 336.031, 335.72, 335.406, 335.091, 334.774, 334.456, 334.136, 333.815, 333.493, 333.17, 332.846, 332.521, 332.196, 331.871, 331.546, 331.22, 330.896, 330.571, 330.248, 329.925, 329.604, 329.284, 328.965, 328.649, 328.334, 328.022, 327.713, 327.407, 327.104, 326.805, 326.509, 326.218, 325.931, 325.649, 325.373, 325.102, 324.837, 324.578, 324.327, 324.082, 323.845, 323.616, 323.396, 323.185, 322.984, 322.793, 322.612, 322.443, 322.286, 322.141, 322.009, 321.891, 321.788, 321.7, 321.628, 321.572, 321.534, 321.515, 
346.339, 346.176, 346.009, 345.838, 345.663, 345.484, 345.302, 345.115, 344.925, 344.73, 344.532, 344.33, 344.124, 343.914, 343.7, 343.483, 343.261, 343.036, 342.807, 342.574, 342.337, 342.097, 341.853, 341.605, 341.354, 341.099, 340.841, 340.579, 340.314, 340.045, 339.773, 339.498, 339.22, 338.939, 338.655, 338.367, 338.078, 337.785, 337.49, 337.192, 336.892, 336.589, 336.284, 335.977, 335.669, 335.358, 335.046, 334.732, 334.416, 334.1, 333.782, 333.463, 333.143, 332.823, 332.502, 332.181, 331.86, 331.539, 331.218, 330.898, 330.578, 330.26, 329.942, 329.626, 329.311, 328.998, 328.688, 328.379, 328.073, 327.771, 327.471, 327.175, 326.882, 326.594, 326.31, 326.031, 325.758, 325.489, 325.227, 324.971, 324.722, 324.48, 324.245, 324.019, 323.801, 323.592, 323.392, 323.203, 323.024, 322.856, 322.7, 322.557, 322.426, 322.309, 322.207, 322.12, 322.048, 321.993, 321.956, 321.937, 
346.412, 346.252, 346.089, 345.921, 345.75, 345.574, 345.395, 345.212, 345.026, 344.835, 344.641, 344.442, 344.24, 344.034, 343.824, 343.611, 343.393, 343.172, 342.947, 342.719, 342.486, 342.25, 342.011, 341.767, 341.52, 341.27, 341.016, 340.759, 340.498, 340.234, 339.967, 339.696, 339.422, 339.146, 338.866, 338.584, 338.298, 338.01, 337.72, 337.426, 337.131, 336.833, 336.533, 336.23, 335.926, 335.62, 335.312, 335.003, 334.692, 334.379, 334.066, 333.752, 333.436, 333.12, 332.804, 332.487, 332.17, 331.853, 331.536, 331.22, 330.904, 330.59, 330.276, 329.963, 329.652, 329.343, 329.036, 328.731, 328.429, 328.129, 327.833, 327.54, 327.251, 326.966, 326.685, 326.409, 326.138, 325.873, 325.613, 325.36, 325.113, 324.873, 324.641, 324.417, 324.201, 323.994, 323.796, 323.609, 323.432, 323.266, 323.111, 322.969, 322.84, 322.724, 322.623, 322.536, 322.465, 322.411, 322.374, 322.355, 
346.484, 346.327, 346.167, 346.002, 345.834, 345.662, 345.487, 345.307, 345.124, 344.937, 344.747, 344.552, 344.354, 344.152, 343.946, 343.736, 343.523, 343.306, 343.085, 342.86, 342.632, 342.4, 342.165, 341.926, 341.683, 341.437, 341.188, 340.935, 340.678, 340.419, 340.156, 339.89, 339.621, 339.349, 339.074, 338.796, 338.515, 338.231, 337.945, 337.657, 337.366, 337.072, 336.776, 336.479, 336.179, 335.877, 335.574, 335.269, 334.962, 334.655, 334.346, 334.035, 333.724, 333.413, 333.101, 332.788, 332.475, 332.162, 331.85, 331.537, 331.226, 330.915, 330.605, 330.296, 329.989, 329.683, 329.38, 329.078, 328.78, 328.484, 328.191, 327.901, 327.615, 327.333, 327.055, 326.782, 326.514, 326.252, 325.995, 325.744, 325.5, 325.263, 325.033, 324.811, 324.597, 324.392, 324.197, 324.011, 323.835, 323.671, 323.518, 323.377, 323.249, 323.135, 323.034, 322.948, 322.878, 322.824, 322.788, 322.769, 
346.554, 346.4, 346.243, 346.082, 345.917, 345.748, 345.576, 345.4, 345.221, 345.037, 344.85, 344.659, 344.465, 344.267, 344.065, 343.859, 343.649, 343.436, 343.219, 342.999, 342.775, 342.547, 342.316, 342.081, 341.843, 341.601, 341.356, 341.107, 340.855, 340.6, 340.342, 340.08, 339.815, 339.548, 339.277, 339.004, 338.727, 338.448, 338.167, 337.882, 337.596, 337.307, 337.016, 336.722, 336.427, 336.13, 335.831, 335.53, 335.228, 334.925, 334.62, 334.315, 334.008, 333.7, 333.392, 333.084, 332.775, 332.467, 332.158, 331.85, 331.542, 331.235, 330.929, 330.624, 330.32, 330.019, 329.719, 329.421, 329.126, 328.833, 328.544, 328.257, 327.975, 327.696, 327.421, 327.151, 326.886, 326.626, 326.372, 326.124, 325.882, 325.648, 325.42, 325.201, 324.989, 324.786, 324.593, 324.409, 324.235, 324.072, 323.921, 323.782, 323.655, 323.542, 323.442, 323.357, 323.288, 323.234, 323.198, 323.179, 
346.622, 346.472, 346.317, 346.159, 345.998, 345.833, 345.664, 345.491, 345.315, 345.135, 344.952, 344.764, 344.574, 344.379, 344.181, 343.979, 343.773, 343.564, 343.351, 343.135, 342.914, 342.691, 342.464, 342.233, 341.999, 341.761, 341.52, 341.276, 341.028, 340.777, 340.523, 340.266, 340.006, 339.743, 339.476, 339.207, 338.936, 338.661, 338.384, 338.104, 337.822, 337.537, 337.251, 336.962, 336.671, 336.378, 336.084, 335.788, 335.49, 335.191, 334.89, 334.589, 334.286, 333.983, 333.68, 333.375, 333.071, 332.766, 332.461, 332.157, 331.853, 331.55, 331.248, 330.947, 330.647, 330.349, 330.053, 329.759, 329.467, 329.178, 328.892, 328.609, 328.329, 328.054, 327.782, 327.515, 327.253, 326.996, 326.745, 326.5, 326.261, 326.029, 325.803, 325.586, 325.377, 325.176, 324.985, 324.803, 324.631, 324.47, 324.32, 324.182, 324.057, 323.944, 323.846, 323.762, 323.693, 323.64, 323.604, 323.586, 
346.689, 346.542, 346.39, 346.235, 346.077, 345.915, 345.749, 345.58, 345.407, 345.231, 345.051, 344.867, 344.68, 344.489, 344.294, 344.096, 343.894, 343.689, 343.48, 343.267, 343.051, 342.831, 342.608, 342.382, 342.152, 341.918, 341.681, 341.441, 341.198, 340.951, 340.702, 340.449, 340.193, 339.934, 339.672, 339.407, 339.14, 338.87, 338.597, 338.322, 338.044, 337.764, 337.481, 337.197, 336.91, 336.622, 336.332, 336.04, 335.747, 335.452, 335.156, 334.859, 334.561, 334.262, 333.962, 333.662, 333.361, 333.061, 332.76, 332.46, 332.16, 331.861, 331.563, 331.266, 330.97, 330.675, 330.383, 330.092, 329.804, 329.518, 329.236, 328.956, 328.68, 328.407, 328.139, 327.875, 327.616, 327.362, 327.114, 326.871, 326.635, 326.405, 326.182, 325.967, 325.76, 325.562, 325.373, 325.193, 325.023, 324.863, 324.715, 324.578, 324.454, 324.343, 324.246, 324.163, 324.095, 324.042, 324.007, 323.989, 
346.755, 346.61, 346.461, 346.31, 346.154, 345.995, 345.833, 345.667, 345.498, 345.324, 345.148, 344.968, 344.784, 344.596, 344.405, 344.211, 344.013, 343.811, 343.606, 343.397, 343.185, 342.969, 342.75, 342.527, 342.301, 342.072, 341.839, 341.603, 341.364, 341.122, 340.876, 340.628, 340.376, 340.121, 339.864, 339.603, 339.34, 339.074, 338.806, 338.535, 338.262, 337.986, 337.708, 337.428, 337.146, 336.862, 336.576, 336.288, 335.999, 335.709, 335.417, 335.124, 334.83, 334.535, 334.24, 333.944, 333.648, 333.351, 333.055, 332.758, 332.463, 332.167, 331.873, 331.579, 331.287, 330.997, 330.708, 330.421, 330.136, 329.854, 329.575, 329.299, 329.026, 328.757, 328.491, 328.231, 327.974, 327.723, 327.478, 327.238, 327.004, 326.777, 326.557, 326.344, 326.14, 325.944, 325.756, 325.578, 325.41, 325.252, 325.106, 324.971, 324.848, 324.738, 324.642, 324.559, 324.492, 324.44, 324.405, 324.387, 
346.819, 346.677, 346.531, 346.382, 346.23, 346.074, 345.915, 345.752, 345.586, 345.416, 345.243, 345.066, 344.885, 344.701, 344.514, 344.323, 344.129, 343.931, 343.729, 343.524, 343.316, 343.104, 342.889, 342.67, 342.448, 342.223, 341.994, 341.762, 341.527, 341.289, 341.047, 340.803, 340.555, 340.305, 340.052, 339.796, 339.537, 339.275, 339.011, 338.744, 338.475, 338.204, 337.93, 337.654, 337.377, 337.097, 336.815, 336.532, 336.247, 335.961, 335.673, 335.385, 335.095, 334.804, 334.513, 334.221, 333.929, 333.637, 333.344, 333.052, 332.76, 332.469, 332.178, 331.889, 331.6, 331.313, 331.028, 330.745, 330.464, 330.185, 329.909, 329.636, 329.367, 329.101, 328.839, 328.581, 328.328, 328.08, 327.837, 327.6, 327.369, 327.145, 326.927, 326.717, 326.515, 326.321, 326.135, 325.959, 325.793, 325.637, 325.492, 325.359, 325.237, 325.129, 325.033, 324.952, 324.885, 324.834, 324.799, 324.782, 
346.881, 346.742, 346.599, 346.453, 346.304, 346.151, 345.995, 345.835, 345.672, 345.505, 345.335, 345.162, 344.985, 344.804, 344.62, 344.433, 344.242, 344.048, 343.85, 343.649, 343.444, 343.236, 343.025, 342.81, 342.592, 342.37, 342.146, 341.918, 341.687, 341.452, 341.215, 340.975, 340.731, 340.485, 340.236, 339.984, 339.729, 339.472, 339.212, 338.95, 338.685, 338.418, 338.148, 337.877, 337.603, 337.328, 337.051, 336.772, 336.491, 336.209, 335.926, 335.641, 335.356, 335.069, 334.782, 334.494, 334.206, 333.918, 333.629, 333.341, 333.053, 332.766, 332.479, 332.193, 331.909, 331.626, 331.344, 331.064, 330.787, 330.512, 330.239, 329.97, 329.704, 329.441, 329.182, 328.928, 328.678, 328.432, 328.193, 327.958, 327.73, 327.508, 327.293, 327.085, 326.885, 326.694, 326.51, 326.336, 326.172, 326.018, 325.875, 325.743, 325.622, 325.515, 325.421, 325.34, 325.275, 325.224, 325.19, 325.172, 
346.942, 346.806, 346.666, 346.523, 346.376, 346.226, 346.073, 345.916, 345.756, 345.593, 345.426, 345.256, 345.082, 344.905, 344.725, 344.541, 344.353, 344.162, 343.968, 343.771, 343.57, 343.365, 343.158, 342.947, 342.732, 342.515, 342.294, 342.07, 341.843, 341.613, 341.379, 341.143, 340.904, 340.662, 340.417, 340.169, 339.918, 339.665, 339.41, 339.151, 338.891, 338.628, 338.363, 338.095, 337.826, 337.555, 337.282, 337.007, 336.73, 336.453, 336.174, 335.893, 335.612, 335.329, 335.046, 334.763, 334.479, 334.194, 333.91, 333.626, 333.342, 333.058, 332.775, 332.493, 332.213, 331.933, 331.655, 331.379, 331.105, 330.834, 330.565, 330.299, 330.036, 329.776, 329.521, 329.269, 329.023, 328.78, 328.543, 328.312, 328.086, 327.867, 327.655, 327.449, 327.252, 327.062, 326.881, 326.709, 326.547, 326.394, 326.253, 326.122, 326.003, 325.897, 325.804, 325.725, 325.659, 325.61, 325.575, 325.558, 
347.002, 346.868, 346.731, 346.591, 346.447, 346.3, 346.15, 345.996, 345.839, 345.679, 345.515, 345.348, 345.177, 345.004, 344.826, 344.646, 344.462, 344.275, 344.084, 343.89, 343.692, 343.492, 343.288, 343.081, 342.87, 342.656, 342.439, 342.219, 341.996, 341.77, 341.541, 341.308, 341.073, 340.835, 340.594, 340.35, 340.104, 339.855, 339.603, 339.349, 339.093, 338.834, 338.573, 338.31, 338.045, 337.778, 337.509, 337.238, 336.966, 336.692, 336.417, 336.141, 335.864, 335.586, 335.307, 335.027, 334.747, 334.467, 334.186, 333.906, 333.626, 333.346, 333.067, 332.789, 332.512, 332.236, 331.962, 331.69, 331.419, 331.151, 330.886, 330.623, 330.364, 330.107, 329.855, 329.607, 329.363, 329.124, 328.89, 328.661, 328.438, 328.222, 328.012, 327.809, 327.614, 327.426, 327.247, 327.077, 326.917, 326.766, 326.626, 326.497, 326.38, 326.275, 326.183, 326.104, 326.04, 325.991, 325.957, 325.94, 
347.061, 346.929, 346.795, 346.657, 346.516, 346.372, 346.225, 346.074, 345.92, 345.763, 345.602, 345.438, 345.271, 345.1, 344.926, 344.749, 344.568, 344.384, 344.197, 344.007, 343.813, 343.616, 343.415, 343.212, 343.005, 342.795, 342.582, 342.366, 342.146, 341.924, 341.699, 341.47, 341.239, 341.005, 340.768, 340.528, 340.286, 340.041, 339.793, 339.543, 339.291, 339.036, 338.779, 338.52, 338.259, 337.996, 337.732, 337.465, 337.197, 336.928, 336.657, 336.385, 336.111, 335.837, 335.562, 335.287, 335.011, 334.734, 334.458, 334.182, 333.905, 333.63, 333.354, 333.08, 332.807, 332.535, 332.264, 331.996, 331.729, 331.464, 331.202, 330.943, 330.687, 330.434, 330.185, 329.94, 329.699, 329.463, 329.231, 329.006, 328.786, 328.572, 328.364, 328.164, 327.971, 327.786, 327.609, 327.441, 327.283, 327.134, 326.996, 326.868, 326.752, 326.649, 326.558, 326.48, 326.416, 326.368, 326.334, 326.317, 
347.118, 346.989, 346.857, 346.722, 346.584, 346.443, 346.298, 346.15, 345.999, 345.845, 345.687, 345.526, 345.362, 345.194, 345.024, 344.85, 344.673, 344.492, 344.308, 344.121, 343.931, 343.737, 343.54, 343.34, 343.137, 342.931, 342.722, 342.509, 342.293, 342.075, 341.853, 341.629, 341.402, 341.171, 340.938, 340.703, 340.464, 340.223, 339.98, 339.734, 339.486, 339.235, 338.982, 338.727, 338.47, 338.211, 337.951, 337.688, 337.424, 337.159, 336.892, 336.624, 336.355, 336.085, 335.814, 335.542, 335.27, 334.998, 334.726, 334.453, 334.181, 333.909, 333.637, 333.367, 333.097, 332.829, 332.562, 332.297, 332.034, 331.773, 331.514, 331.258, 331.006, 330.756, 330.51, 330.268, 330.03, 329.797, 329.569, 329.346, 329.129, 328.917, 328.713, 328.515, 328.324, 328.141, 327.967, 327.801, 327.644, 327.497, 327.361, 327.235, 327.12, 327.018, 326.928, 326.851, 326.789, 326.74, 326.707, 326.691, 
347.174, 347.048, 346.918, 346.786, 346.65, 346.511, 346.37, 346.225, 346.076, 345.925, 345.77, 345.612, 345.451, 345.287, 345.119, 344.949, 344.775, 344.597, 344.417, 344.233, 344.046, 343.856, 343.663, 343.466, 343.267, 343.064, 342.858, 342.65, 342.438, 342.223, 342.005, 341.784, 341.561, 341.335, 341.106, 340.874, 340.639, 340.402, 340.163, 339.921, 339.677, 339.43, 339.181, 338.93, 338.677, 338.423, 338.166, 337.908, 337.648, 337.386, 337.123, 336.859, 336.594, 336.328, 336.061, 335.794, 335.526, 335.257, 334.989, 334.72, 334.452, 334.184, 333.916, 333.649, 333.383, 333.119, 332.856, 332.594, 332.334, 332.077, 331.822, 331.569, 331.32, 331.074, 330.831, 330.592, 330.357, 330.127, 329.902, 329.682, 329.467, 329.259, 329.056, 328.861, 328.673, 328.492, 328.32, 328.156, 328.002, 327.856, 327.721, 327.597, 327.484, 327.383, 327.294, 327.218, 327.156, 327.109, 327.076, 327.06, 
347.229, 347.105, 346.978, 346.848, 346.715, 346.579, 346.44, 346.297, 346.152, 346.003, 345.852, 345.697, 345.539, 345.377, 345.213, 345.045, 344.874, 344.7, 344.523, 344.343, 344.159, 343.973, 343.783, 343.59, 343.394, 343.195, 342.992, 342.787, 342.579, 342.368, 342.154, 341.937, 341.717, 341.495, 341.27, 341.042, 340.811, 340.578, 340.342, 340.104, 339.864, 339.621, 339.377, 339.13, 338.881, 338.63, 338.377, 338.123, 337.867, 337.61, 337.351, 337.091, 336.83, 336.568, 336.305, 336.041, 335.777, 335.512, 335.248, 334.983, 334.718, 334.454, 334.19, 333.927, 333.665, 333.404, 333.145, 332.887, 332.631, 332.377, 332.125, 331.876, 331.63, 331.387, 331.147, 330.911, 330.68, 330.453, 330.23, 330.013, 329.801, 329.595, 329.396, 329.203, 329.017, 328.839, 328.669, 328.507, 328.354, 328.211, 328.078, 327.955, 327.843, 327.743, 327.656, 327.581, 327.52, 327.473, 327.44, 327.424, 
347.282, 347.161, 347.037, 346.909, 346.779, 346.645, 346.509, 346.369, 346.226, 346.08, 345.931, 345.779, 345.624, 345.466, 345.305, 345.14, 344.972, 344.801, 344.627, 344.45, 344.27, 344.087, 343.9, 343.711, 343.518, 343.323, 343.124, 342.922, 342.718, 342.51, 342.3, 342.087, 341.871, 341.652, 341.43, 341.206, 340.98, 340.75, 340.519, 340.284, 340.048, 339.809, 339.568, 339.326, 339.081, 338.834, 338.585, 338.335, 338.083, 337.829, 337.574, 337.318, 337.061, 336.803, 336.544, 336.284, 336.024, 335.763, 335.503, 335.242, 334.981, 334.72, 334.46, 334.201, 333.943, 333.685, 333.429, 333.175, 332.922, 332.672, 332.424, 332.178, 331.935, 331.695, 331.459, 331.227, 330.998, 330.774, 330.554, 330.34, 330.131, 329.928, 329.731, 329.54, 329.357, 329.181, 329.013, 328.853, 328.703, 328.561, 328.43, 328.308, 328.198, 328.099, 328.013, 327.939, 327.878, 327.832, 327.8, 327.784, 
347.335, 347.216, 347.094, 346.969, 346.841, 346.71, 346.576, 346.439, 346.299, 346.156, 346.01, 345.86, 345.708, 345.553, 345.394, 345.233, 345.068, 344.9, 344.729, 344.556, 344.379, 344.198, 344.015, 343.829, 343.64, 343.448, 343.253, 343.055, 342.854, 342.65, 342.443, 342.233, 342.021, 341.806, 341.588, 341.368, 341.145, 340.919, 340.692, 340.461, 340.229, 339.994, 339.757, 339.518, 339.277, 339.034, 338.789, 338.543, 338.295, 338.045, 337.794, 337.542, 337.289, 337.034, 336.779, 336.524, 336.267, 336.01, 335.753, 335.496, 335.239, 334.983, 334.726, 334.471, 334.216, 333.962, 333.71, 333.459, 333.21, 332.963, 332.718, 332.476, 332.236, 332, 331.767, 331.537, 331.312, 331.091, 330.874, 330.663, 330.456, 330.256, 330.061, 329.873, 329.692, 329.519, 329.353, 329.195, 329.047, 328.907, 328.777, 328.657, 328.548, 328.451, 328.366, 328.293, 328.233, 328.187, 328.156, 328.14, 
